15 79 112 116 123 125 153 199 229 250 251 293 295 303 323 337 338 355 415 416 431 439 441 445 472 493 498 526 530 534 545 612 632 652 678 707 708 711 750 763 766 776 781 822 858 889 891 904 909 934#15 79 112 116 123 125 153 199 229 250 251 293 295 303 323 337 338 355 415 416 431 439 441 445 472 493 498 526 530 534 545 612 632 652 678 707 708 711 750 763 766 776 781 822 858 889 891 904 909 934
42 54 64 68 81 82 197 224 234 257 268 287 294 328 335 371 384 428 434 435 444 447 449 452 456 460 481 495 520 521 541 549 550 616 619 633 657 689 696 705 721 751 836 845 862 898 918 933 936 983#42 54 64 68 81 82 197 224 234 257 268 287 294 328 335 371 384 428 434 435 444 447 449 452 456 460 481 495 520 521 541 549 550 616 619 633 657 689 696 705 721 751 836 845 862 898 918 933 936 983
4 26 51 59 71 121 126 157 179 186 218 233 261 265 272 278 282 325 346 392 419 471 525 561 567 572 579 604 621 642 645 647 660 670 683 739 748 767 771 787 831 874 895 899 919 953 963 975 979 991#4 26 51 59 71 121 126 157 179 186 218 233 261 265 272 278 282 325 346 392 419 471 525 561 567 572 579 604 621 642 645 647 660 670 683 739 748 767 771 787 831 874 895 899 919 953 963 975 979 991
1 21 32 48 107 156 161 171 173 174 211 262 274 318 341 373 380 382 413 417 442 461 463 504 543 555 559 575 582 592 613 625 640 644 667 675 684 709 744 768 837 847 861 864 869 872 892 951 954 964#1 21 32 48 107 156 161 171 173 174 211 262 274 318 341 373 380 382 413 417 442 461 463 504 543 555 559 575 582 592 613 625 640 644 667 675 684 709 744 768 837 847 861 864 869 872 892 951 954 964
25 101 127 143 164 273 305 316 322 324 349 361 385 390 405 518 523 540 565 570 588 606 611 627 635 655 687 700 716 747 759 790 798 833 852 855 860 863 865 873 878 879 885 897 901 906 930 982 989 994#25 101 127 143 164 273 305 316 322 324 349 361 385 390 405 518 523 540 565 570 588 606 611 627 635 655 687 700 716 747 759 790 798 833 852 855 860 863 865 873 878 879 885 897 901 906 930 982 989 994
62 100 109 120 134 144 165 166 225 239 270 304 319 326 360 401 409 411 420 436 443 466 478 508 563 597 602 614 617 646 664 679 694 695 698 725 737 741 760 777 807 857 870 923 925 937 944 977 986 1000#62 100 109 120 134 144 165 166 225 239 270 304 319 326 360 401 409 411 420 436 443 466 478 508 563 597 602 614 617 646 664 679 694 695 698 725 737 741 760 777 807 857 870 923 925 937 944 977 986 1000
8 12 20 23 27 28 31 34 56 72 73 80 97 98 105 122 132 150 159 181 187 189 198 206 215 252 301 302 376 391 418 421 422 437 583 649 688 754 764 778 806 811 832 853 896 947 959 967 974 998#8 12 20 23 27 28 31 34 56 72 73 80 97 98 105 122 132 150 159 181 187 189 198 206 215 252 301 302 376 391 418 421 422 437 583 649 688 754 764 778 806 811 832 853 896 947 959 967 974 998
6 10 18 29 139 162 163 194 249 253 254 263 280 330 343 358 477 507 533 535 552 560 562 571 587 623 626 631 636 658 661 666 669 690 693 703 783 804 819 827 902 908 927 938 946 957 965 972 984 993#6 10 18 29 139 162 163 194 249 253 254 263 280 330 343 358 477 507 533 535 552 560 562 571 587 623 626 631 636 658 661 666 669 690 693 703 783 804 819 827 902 908 927 938 946 957 965 972 984 993
11 37 39 63 70 77 85 104 138 146 148 169 177 192 219 221 237 277 329 353 367 374 386 400 427 430 453 455 483 486 522 551 573 668 701 713 729 745 770 782 854 887 920 926 928 929 931 939 981 997#11 37 39 63 70 77 85 104 138 146 148 169 177 192 219 221 237 277 329 353 367 374 386 400 427 430 453 455 483 486 522 551 573 668 701 713 729 745 770 782 854 887 920 926 928 929 931 939 981 997
16 46 94 117 168 176 184 193 202 227 247 255 275 289 377 402 407 425 433 475 494 505 509 524 548 593 601 629 656 671 672 710 749 755 796 813 815 825 826 848 868 882 884 911 916 956 962 968 988 996#16 46 94 117 168 176 184 193 202 227 247 255 275 289 377 402 407 425 433 475 494 505 509 524 548 593 601 629 656 671 672 710 749 755 796 813 815 825 826 848 868 882 884 911 916 956 962 968 988 996
30 33 57 58 75 83 91 93 108 135 140 190 208 246 285 288 296 383 403 408 429 438 440 485 488 496 519 580 581 599 638 653 706 712 720 722 736 753 758 765 791 792 844 912 913 915 924 941 942 990#30 33 57 58 75 83 91 93 108 135 140 190 208 246 285 288 296 383 403 408 429 438 440 485 488 496 519 580 581 599 638 653 706 712 720 722 736 753 758 765 791 792 844 912 913 915 924 941 942 990
136 149 167 180 196 204 205 212 220 242 271 298 310 314 332 356 357 378 424 457 459 465 476 492 511 527 538 553 568 569 574 589 659 692 699 723 730 731 757 772 775 793 801 829 834 850 871 883 950 960#136 149 167 180 196 204 205 212 220 242 271 298 310 314 332 356 357 378 424 457 459 465 476 492 511 527 538 553 568 569 574 589 659 692 699 723 730 731 757 772 775 793 801 829 834 850 871 883 950 960
40 60 61 74 115 130 158 185 188 209 216 231 232 236 241 297 308 334 339 352 370 389 394 395 412 448 450 462 469 489 506 513 515 516 556 557 634 733 734 774 780 795 799 809 814 859 894 921 970 976#40 60 61 74 115 130 158 185 188 209 216 231 232 236 241 297 308 334 339 352 370 389 394 395 412 448 450 462 469 489 506 513 515 516 556 557 634 733 734 774 780 795 799 809 814 859 894 921 970 976
24 36 50 52 99 103 110 114 154 170 230 258 264 284 317 366 375 379 399 467 479 480 542 586 600 609 615 620 641 654 682 717 762 773 786 789 797 824 828 835 839 840 851 876 886 907 945 952 955 969#24 36 50 52 99 103 110 114 154 170 230 258 264 284 317 366 375 379 399 467 479 480 542 586 600 609 615 620 641 654 682 717 762 773 786 789 797 824 828 835 839 840 851 876 886 907 945 952 955 969
55 67 76 84 89 95 96 142 145 147 195 214 283 299 321 342 347 362 372 388 398 454 468 512 576 584 590 591 603 637 650 676 714 740 756 779 785 800 802 812 856 881 888 890 893 900 932 940 949 995#55 67 76 84 89 95 96 142 145 147 195 214 283 299 321 342 347 362 372 388 398 454 468 512 576 584 590 591 603 637 650 676 714 740 756 779 785 800 802 812 856 881 888 890 893 900 932 940 949 995
3 5 7 9 13 17 78 113 124 151 152 182 222 228 235 240 269 307 311 350 351 359 364 365 490 497 499 514 531 564 585 595 605 673 686 702 719 724 728 738 752 788 794 817 820 846 948 971 985 992#3 5 7 9 13 17 78 113 124 151 152 182 222 228 235 240 269 307 311 350 351 359 364 365 490 497 499 514 531 564 585 595 605 673 686 702 719 724 728 738 752 788 794 817 820 846 948 971 985 992
38 41 43 44 65 66 88 102 106 111 119 129 137 155 175 203 207 226 276 279 292 309 313 327 336 363 414 451 501 502 510 537 546 554 578 643 651 663 680 691 718 784 805 810 818 823 866 905 914 917#38 41 43 44 65 66 88 102 106 111 119 129 137 155 175 203 207 226 276 279 292 309 313 327 336 363 414 451 501 502 510 537 546 554 578 643 651 663 680 691 718 784 805 810 818 823 866 905 914 917
2 22 47 49 53 87 90 128 172 191 200 223 260 286 306 320 340 387 397 406 423 426 432 473 474 503 529 532 544 596 598 662 665 674 681 685 715 726 735 742 769 808 830 867 903 943 958 978 987 999#2 22 47 49 53 87 90 128 172 191 200 223 260 286 306 320 340 387 397 406 423 426 432 473 474 503 529 532 544 596 598 662 665 674 681 685 715 726 735 742 769 808 830 867 903 943 958 978 987 999
45 118 131 160 201 217 238 244 248 256 266 281 290 312 331 333 344 345 446 458 482 491 528 547 558 577 607 608 610 618 622 624 630 697 704 727 732 746 803 816 821 843 849 875 910 935 961 966 973 980#45 118 131 160 201 217 238 244 248 256 266 281 290 312 331 333 344 345 446 458 482 491 528 547 558 577 607 608 610 618 622 624 630 697 704 727 732 746 803 816 821 843 849 875 910 935 961 966 973 980
14 19 35 69 86 92 133 141 178 183 210 213 243 245 259 267 291 300 315 348 354 368 369 381 393 396 404 410 464 470 484 487 500 517 536 539 566 594 628 639 648 677 743 761 838 841 842 877 880 922#14 19 35 69 86 92 133 141 178 183 210 213 243 245 259 267 291 300 315 348 354 368 369 381 393 396 404 410 464 470 484 487 500 517 536 539 566 594 628 639 648 677 743 761 838 841 842 877 880 922
1 2 3 4 5 6 7 8 9 10 11 12 13 14 15 16 17 18 19 20 21 22 23 24 25 26 27 28 29 30 31 32 33 34 35 36 37 38 39 40 41 42 43 44 45 46 47 48 49 50 51 52 53 54 55 56 57 58 59 60 61 62 63 64 65 66 67 68 69 70 71 72 73 74 75 76 77 78 79 80 81 82 83 84 85 86 87 88 89 90 91 92 93 94 95 96 97 98 99 100 101 102 103 104 105 106 107 108 109 110 111 112 113 114 115 116 117 118 119 120 121 122 123 124 125 126 127 128 129 130 131 132 133 134 135 136 137 138 139 140 141 142 143 144 145 146 147 148 149 150 151 152 153 154 155 156 157 158 159 160 161 162 163 164 165 166 167 168 169 170 171 172 173 174 175 176 177 178 179 180 181 182 183 184 185 186 187 188 189 190 191 192 193 194 195 196 197 198 199 200 201 202 203 204 205 206 207 208 209 210 211 212 213 214 215 216 217 218 219 220 221 222 223 224 225 226 227 228 229 230 231 232 233 234 235 236 237 238 239 240 241 242 243 244 245 246 247 248 249 250 251 252 253 254 255 256 257 258 259 260 261 262 263 264 265 266 267 268 269 270 271 272 273 274 275 276 277 278 279 280 281 282 283 284 285 286 287 288 289 290 291 292 293 294 295 296 297 298 299 300 301 302 303 304 305 306 307 308 309 310 311 312 313 314 315 316 317 318 319 320 321 322 323 324 325 326 327 328 329 330 331 332 333 334 335 336 337 338 339 340 341 342 343 344 345 346 347 348 349 350 351 352 353 354 355 356 357 358 359 360 361 362 363 364 365 366 367 368 369 370 371 372 373 374 375 376 377 378 379 380 381 382 383 384 385 386 387 388 389 390 391 392 393 394 395 396 397 398 399 400 401 402 403 404 405 406 407 408 409 410 411 412 413 414 415 416 417 418 419 420 421 422 423 424 425 426 427 428 429 430 431 432 433 434 435 436 437 438 439 440 441 442 443 444 445 446 447 448 449 450 451 452 453 454 455 456 457 458 459 460 461 462 463 464 465 466 467 468 469 470 471 472 473 474 475 476 477 478 479 480 481 482 483 484 485 486 487 488 489 490 491 492 493 494 495 496 497 498 499 500 501 502 503 504 505 506 507 508 509 510 511 512 513 514 515 516 517 518 519 520 521 522 523 524 525 526 527 528 529 530 531 532 533 534 535 536 537 538 539 540 541 542 543 544 545 546 547 548 549 550 551 552 553 554 555 556 557 558 559 560 561 562 563 564 565 566 567 568 569 570 571 572 573 574 575 576 577 578 579 580 581 582 583 584 585 586 587 588 589 590 591 592 593 594 595 596 597 598 599 600 601 602 603 604 605 606 607 608 609 610 611 612 613 614 615 616 617 618 619 620 621 622 623 624 625 626 627 628 629 630 631 632 633 634 635 636 637 638 639 640 641 642 643 644 645 646 647 648 649 650 651 652 653 654 655 656 657 658 659 660 661 662 663 664 665 666 667 668 669 670 671 672 673 674 675 676 677 678 679 680 681 682 683 684 685 686 687 688 689 690 691 692 693 694 695 696 697 698 699 700 701 702 703 704 705 706 707 708 709 710 711 712 713 714 715 716 717 718 719 720 721 722 723 724 725 726 727 728 729 730 731 732 733 734 735 736 737 738 739 740 741 742 743 744 745 746 747 748 749 750 751 752 753 754 755 756 757 758 759 760 761 762 763 764 765 766 767 768 769 770 771 772 773 774 775 776 777 778 779 780 781 782 783 784 785 786 787 788 789 790 791 792 793 794 795 796 797 798 799 800 801 802 803 804 805 806 807 808 809 810 811 812 813 814 815 816 817 818 819 820 821 822 823 824 825 826 827 828 829 830 831 832 833 834 835 836 837 838 839 840 841 842 843 844 845 846 847 848 849 850 851 852 853 854 855 856 857 858 859 860 861 862 863 864 865 866 867 868 869 870 871 872 873 874 875 876 877 878 879 880 881 882 883 884 885 886 887 888 889 890 891 892 893 894 895 896 897 898 899 900 901 902 903 904 905 906 907 908 909 910 911 912 913 914 915 916 917 918 919 920 921 922 923 924 925 926 927 928 929 930 931 932 933 934 935 936 937 938 939 940 941 942 943 944 945 946 947 948 949 950 951 952 953 954 955 956 957 958 959 960 961 962 963 964 965 966 967 968 969 970 971 972 973 974 975 976 977 978 979 980 981 982 983 984 985 986 987 988 989 990 991 992 993 994 995 996 997 998 999 1000#
#1 2 3 4 5 6 7 8 9 10 11 12 13 14 15 16 17 18 19 20 21 22 23 24 25 26 27 28 29 30 31 32 33 34 35 36 37 38 39 40 41 42 43 44 45 46 47 48 49 50 51 52 53 54 55 56 57 58 59 60 61 62 63 64 65 66 67 68 69 70 71 72 73 74 75 76 77 78 79 80 81 82 83 84 85 86 87 88 89 90 91 92 93 94 95 96 97 98 99 100 101 102 103 104 105 106 107 108 109 110 111 112 113 114 115 116 117 118 119 120 121 122 123 124 125 126 127 128 129 130 131 132 133 134 135 136 137 138 139 140 141 142 143 144 145 146 147 148 149 150 151 152 153 154 155 156 157 158 159 160 161 162 163 164 165 166 167 168 169 170 171 172 173 174 175 176 177 178 179 180 181 182 183 184 185 186 187 188 189 190 191 192 193 194 195 196 197 198 199 200 201 202 203 204 205 206 207 208 209 210 211 212 213 214 215 216 217 218 219 220 221 222 223 224 225 226 227 228 229 230 231 232 233 234 235 236 237 238 239 240 241 242 243 244 245 246 247 248 249 250 251 252 253 254 255 256 257 258 259 260 261 262 263 264 265 266 267 268 269 270 271 272 273 274 275 276 277 278 279 280 281 282 283 284 285 286 287 288 289 290 291 292 293 294 295 296 297 298 299 300 301 302 303 304 305 306 307 308 309 310 311 312 313 314 315 316 317 318 319 320 321 322 323 324 325 326 327 328 329 330 331 332 333 334 335 336 337 338 339 340 341 342 343 344 345 346 347 348 349 350 351 352 353 354 355 356 357 358 359 360 361 362 363 364 365 366 367 368 369 370 371 372 373 374 375 376 377 378 379 380 381 382 383 384 385 386 387 388 389 390 391 392 393 394 395 396 397 398 399 400 401 402 403 404 405 406 407 408 409 410 411 412 413 414 415 416 417 418 419 420 421 422 423 424 425 426 427 428 429 430 431 432 433 434 435 436 437 438 439 440 441 442 443 444 445 446 447 448 449 450 451 452 453 454 455 456 457 458 459 460 461 462 463 464 465 466 467 468 469 470 471 472 473 474 475 476 477 478 479 480 481 482 483 484 485 486 487 488 489 490 491 492 493 494 495 496 497 498 499 500 501 502 503 504 505 506 507 508 509 510 511 512 513 514 515 516 517 518 519 520 521 522 523 524 525 526 527 528 529 530 531 532 533 534 535 536 537 538 539 540 541 542 543 544 545 546 547 548 549 550 551 552 553 554 555 556 557 558 559 560 561 562 563 564 565 566 567 568 569 570 571 572 573 574 575 576 577 578 579 580 581 582 583 584 585 586 587 588 589 590 591 592 593 594 595 596 597 598 599 600 601 602 603 604 605 606 607 608 609 610 611 612 613 614 615 616 617 618 619 620 621 622 623 624 625 626 627 628 629 630 631 632 633 634 635 636 637 638 639 640 641 642 643 644 645 646 647 648 649 650 651 652 653 654 655 656 657 658 659 660 661 662 663 664 665 666 667 668 669 670 671 672 673 674 675 676 677 678 679 680 681 682 683 684 685 686 687 688 689 690 691 692 693 694 695 696 697 698 699 700 701 702 703 704 705 706 707 708 709 710 711 712 713 714 715 716 717 718 719 720 721 722 723 724 725 726 727 728 729 730 731 732 733 734 735 736 737 738 739 740 741 742 743 744 745 746 747 748 749 750 751 752 753 754 755 756 757 758 759 760 761 762 763 764 765 766 767 768 769 770 771 772 773 774 775 776 777 778 779 780 781 782 783 784 785 786 787 788 789 790 791 792 793 794 795 796 797 798 799 800 801 802 803 804 805 806 807 808 809 810 811 812 813 814 815 816 817 818 819 820 821 822 823 824 825 826 827 828 829 830 831 832 833 834 835 836 837 838 839 840 841 842 843 844 845 846 847 848 849 850 851 852 853 854 855 856 857 858 859 860 861 862 863 864 865 866 867 868 869 870 871 872 873 874 875 876 877 878 879 880 881 882 883 884 885 886 887 888 889 890 891 892 893 894 895 896 897 898 899 900 901 902 903 904 905 906 907 908 909 910 911 912 913 914 915 916 917 918 919 920 921 922 923 924 925 926 927 928 929 930 931 932 933 934 935 936 937 938 939 940 941 942 943 944 945 946 947 948 949 950 951 952 953 954 955 956 957 958 959 960 961 962 963 964 965 966 967 968 969 970 971 972 973 974 975 976 977 978 979 980 981 982 983 984 985 986 987 988 989 990 991 992 993 994 995 996 997 998 999 1000
