56 71 73 79 88 89 129 178 346 356 368 369 376 381 389 417 420 470 484 488 496 520 562 588 600 620 635 636 641 650 656 688 710 768 775 780 783 786 817 838 856 889 902 904 909 917 920 950 972 977#56 71 73 79 88 89 129 178 346 356 368 369 376 381 389 417 420 470 484 488 496 520 562 588 600 620 635 636 641 650 656 688 710 768 775 780 783 786 817 838 856 889 902 904 909 917 920 950 972 977
78 93 119 120 121 139 144 173 174 184 203 211 219 220 244 274 324 327 334 396 406 412 444 500 516 528 530 531 553 556 585 630 648 651 675 725 736 810 824 844 859 869 899 900 905 925 947 954 988 991#78 93 119 120 121 139 144 173 174 184 203 211 219 220 244 274 324 327 334 396 406 412 444 500 516 528 530 531 553 556 585 630 648 651 675 725 736 810 824 844 859 869 899 900 905 925 947 954 988 991
17 27 30 38 63 102 150 159 190 197 198 202 214 246 262 276 295 299 303 320 353 402 416 430 449 460 491 497 499 524 548 570 580 654 692 701 724 744 757 764 806 809 829 871 895 897 903 907 959 976#17 27 30 38 63 102 150 159 190 197 198 202 214 246 262 276 295 299 303 320 353 402 416 430 449 460 491 497 499 524 548 570 580 654 692 701 724 744 757 764 806 809 829 871 895 897 903 907 959 976
9 106 127 147 161 222 238 254 261 266 340 345 358 380 401 409 438 452 461 539 545 551 574 577 592 604 611 626 629 633 644 729 743 751 760 767 781 794 801 820 825 837 839 846 880 881 884 894 930 951#9 106 127 147 161 222 238 254 261 266 340 345 358 380 401 409 438 452 461 539 545 551 574 577 592 604 611 626 629 633 644 729 743 751 760 767 781 794 801 820 825 837 839 846 880 881 884 894 930 951
18 26 57 62 65 92 123 126 151 154 163 188 195 207 234 240 249 252 259 291 308 329 336 391 397 399 405 485 493 507 515 555 563 571 619 640 665 690 691 707 708 727 749 754 876 896 924 929 982 985#18 26 57 62 65 92 123 126 151 154 163 188 195 207 234 240 249 252 259 291 308 329 336 391 397 399 405 485 493 507 515 555 563 571 619 640 665 690 691 707 708 727 749 754 876 896 924 929 982 985
47 49 68 81 90 94 133 185 215 224 247 255 263 331 337 350 408 423 457 480 494 503 504 541 565 566 590 596 598 610 612 624 677 714 728 732 747 748 798 808 852 867 873 879 911 935 938 941 968 978#47 49 68 81 90 94 133 185 215 224 247 255 263 331 337 350 408 423 457 480 494 503 504 541 565 566 590 596 598 610 612 624 677 714 728 732 747 748 798 808 852 867 873 879 911 935 938 941 968 978
36 40 64 82 118 134 135 162 164 170 248 250 279 286 287 305 319 330 338 387 400 424 453 458 467 483 505 511 536 550 591 618 621 642 646 657 667 670 685 694 699 791 805 872 886 915 956 961 974 990#36 40 64 82 118 134 135 162 164 170 248 250 279 286 287 305 319 330 338 387 400 424 453 458 467 483 505 511 536 550 591 618 621 642 646 657 667 670 685 694 699 791 805 872 886 915 956 961 974 990
22 23 31 39 97 108 210 230 233 253 257 268 275 312 318 325 361 390 429 436 439 446 451 475 527 529 532 568 581 623 649 653 666 669 717 722 726 746 750 774 782 784 800 804 858 870 891 952 953 987#22 23 31 39 97 108 210 230 233 253 257 268 275 312 318 325 361 390 429 436 439 446 451 475 527 529 532 568 581 623 649 653 666 669 717 722 726 746 750 774 782 784 800 804 858 870 891 952 953 987
6 28 48 61 86 145 148 149 152 153 177 189 283 296 342 347 357 375 377 434 450 492 514 546 547 564 601 673 679 689 712 720 742 776 777 785 802 812 830 832 835 878 887 898 913 933 944 966 969 984#6 28 48 61 86 145 148 149 152 153 177 189 283 296 342 347 357 375 377 434 450 492 514 546 547 564 601 673 679 689 712 720 742 776 777 785 802 812 830 832 835 878 887 898 913 933 944 966 969 984
1 33 43 52 95 96 100 105 132 156 166 193 196 251 260 272 273 288 293 363 407 426 433 508 510 512 518 543 560 572 573 616 652 661 697 706 715 731 734 745 753 755 758 759 788 792 833 962 963 975#1 33 43 52 95 96 100 105 132 156 166 193 196 251 260 272 273 288 293 363 407 426 433 508 510 512 518 543 560 572 573 616 652 661 697 706 715 731 734 745 753 755 758 759 788 792 833 962 963 975
10 76 87 98 103 128 137 157 175 180 191 199 206 237 269 277 281 323 360 367 374 378 383 385 393 435 466 469 486 495 542 558 615 643 647 680 733 738 807 815 822 828 831 841 853 865 945 998 999 1000#10 76 87 98 103 128 137 157 175 180 191 199 206 237 269 277 281 323 360 367 374 378 383 385 393 435 466 469 486 495 542 558 615 643 647 680 733 738 807 815 822 828 831 841 853 865 945 998 999 1000
2 7 20 34 37 41 50 55 75 84 107 155 165 183 212 290 292 297 333 335 343 359 384 427 455 459 477 487 533 576 639 663 664 672 681 696 709 719 762 813 834 840 842 860 866 910 921 928 942 949#2 7 20 34 37 41 50 55 75 84 107 155 165 183 212 290 292 297 333 335 343 359 384 427 455 459 477 487 533 576 639 663 664 672 681 696 709 719 762 813 834 840 842 860 866 910 921 928 942 949
25 66 70 109 110 113 117 158 160 169 172 179 192 209 225 228 280 284 289 332 341 351 362 366 394 413 425 468 472 506 523 537 561 578 632 658 713 740 761 770 789 796 816 821 848 855 868 890 914 937#25 66 70 109 110 113 117 158 160 169 172 179 192 209 225 228 280 284 289 332 341 351 362 366 394 413 425 468 472 506 523 537 561 578 632 658 713 740 761 770 789 796 816 821 848 855 868 890 914 937
14 42 45 59 77 138 200 229 239 258 264 270 294 322 326 349 352 354 370 379 395 419 431 440 441 448 462 463 490 502 544 569 602 668 674 676 682 684 687 700 703 763 772 799 836 857 883 927 943 957#14 42 45 59 77 138 200 229 239 258 264 270 294 322 326 349 352 354 370 379 395 419 431 440 441 448 462 463 490 502 544 569 602 668 674 676 682 684 687 700 703 763 772 799 836 857 883 927 943 957
4 21 67 80 85 114 140 141 167 187 227 241 245 265 302 315 339 344 372 411 418 478 479 522 538 552 582 587 605 617 627 634 686 698 716 756 773 778 779 849 885 893 908 918 919 923 939 946 965 971#4 21 67 80 85 114 140 141 167 187 227 241 245 265 302 315 339 344 372 411 418 478 479 522 538 552 582 587 605 617 627 634 686 698 716 756 773 778 779 849 885 893 908 918 919 923 939 946 965 971
24 35 53 58 101 136 168 181 217 226 231 236 271 304 321 414 428 432 445 471 476 482 513 519 557 567 593 603 607 613 628 693 695 737 739 741 752 769 845 877 892 916 922 932 936 967 970 973 980 983#24 35 53 58 101 136 168 181 217 226 231 236 271 304 321 414 428 432 445 471 476 482 513 519 557 567 593 603 607 613 628 693 695 737 739 741 752 769 845 877 892 916 922 932 936 967 970 973 980 983
51 74 125 142 143 216 242 267 285 300 365 371 388 442 447 464 481 498 521 534 535 559 583 586 594 608 614 637 678 704 705 735 766 771 797 803 811 818 823 854 861 864 906 926 940 958 964 979 981 997#51 74 125 142 143 216 242 267 285 300 365 371 388 442 447 464 481 498 521 534 535 559 583 586 594 608 614 637 678 704 705 735 766 771 797 803 811 818 823 854 861 864 906 926 940 958 964 979 981 997
5 16 19 46 69 104 124 146 176 186 194 201 221 243 301 306 310 348 373 403 437 489 501 509 517 549 584 589 595 597 599 625 631 638 645 659 683 718 790 843 847 862 863 882 931 934 986 993 994 995#5 16 19 46 69 104 124 146 176 186 194 201 221 243 301 306 310 348 373 403 437 489 501 509 517 549 584 589 595 597 599 625 631 638 645 659 683 718 790 843 847 862 863 882 931 934 986 993 994 995
3 8 11 12 60 72 91 99 115 116 131 182 205 208 213 218 232 256 278 298 307 309 328 364 398 404 410 415 421 443 454 456 474 540 554 579 655 671 702 721 723 730 793 814 819 827 875 912 960 996#3 8 11 12 60 72 91 99 115 116 131 182 205 208 213 218 232 256 278 298 307 309 328 364 398 404 410 415 421 443 454 456 474 540 554 579 655 671 702 721 723 730 793 814 819 827 875 912 960 996
13 15 29 32 44 54 83 111 112 122 130 171 204 223 235 282 311 313 314 316 317 355 382 386 392 422 465 473 525 526 575 606 609 622 660 662 711 765 787 795 826 850 851 874 888 901 948 955 989 992#13 15 29 32 44 54 83 111 112 122 130 171 204 223 235 282 311 313 314 316 317 355 382 386 392 422 465 473 525 526 575 606 609 622 660 662 711 765 787 795 826 850 851 874 888 901 948 955 989 992
1 2 3 4 5 6 7 8 9 10 11 12 13 14 15 16 17 18 19 20 21 22 23 24 25 26 27 28 29 30 31 32 33 34 35 36 37 38 39 40 41 42 43 44 45 46 47 48 49 50 51 52 53 54 55 56 57 58 59 60 61 62 63 64 65 66 67 68 69 70 71 72 73 74 75 76 77 78 79 80 81 82 83 84 85 86 87 88 89 90 91 92 93 94 95 96 97 98 99 100 101 102 103 104 105 106 107 108 109 110 111 112 113 114 115 116 117 118 119 120 121 122 123 124 125 126 127 128 129 130 131 132 133 134 135 136 137 138 139 140 141 142 143 144 145 146 147 148 149 150 151 152 153 154 155 156 157 158 159 160 161 162 163 164 165 166 167 168 169 170 171 172 173 174 175 176 177 178 179 180 181 182 183 184 185 186 187 188 189 190 191 192 193 194 195 196 197 198 199 200 201 202 203 204 205 206 207 208 209 210 211 212 213 214 215 216 217 218 219 220 221 222 223 224 225 226 227 228 229 230 231 232 233 234 235 236 237 238 239 240 241 242 243 244 245 246 247 248 249 250 251 252 253 254 255 256 257 258 259 260 261 262 263 264 265 266 267 268 269 270 271 272 273 274 275 276 277 278 279 280 281 282 283 284 285 286 287 288 289 290 291 292 293 294 295 296 297 298 299 300 301 302 303 304 305 306 307 308 309 310 311 312 313 314 315 316 317 318 319 320 321 322 323 324 325 326 327 328 329 330 331 332 333 334 335 336 337 338 339 340 341 342 343 344 345 346 347 348 349 350 351 352 353 354 355 356 357 358 359 360 361 362 363 364 365 366 367 368 369 370 371 372 373 374 375 376 377 378 379 380 381 382 383 384 385 386 387 388 389 390 391 392 393 394 395 396 397 398 399 400 401 402 403 404 405 406 407 408 409 410 411 412 413 414 415 416 417 418 419 420 421 422 423 424 425 426 427 428 429 430 431 432 433 434 435 436 437 438 439 440 441 442 443 444 445 446 447 448 449 450 451 452 453 454 455 456 457 458 459 460 461 462 463 464 465 466 467 468 469 470 471 472 473 474 475 476 477 478 479 480 481 482 483 484 485 486 487 488 489 490 491 492 493 494 495 496 497 498 499 500 501 502 503 504 505 506 507 508 509 510 511 512 513 514 515 516 517 518 519 520 521 522 523 524 525 526 527 528 529 530 531 532 533 534 535 536 537 538 539 540 541 542 543 544 545 546 547 548 549 550 551 552 553 554 555 556 557 558 559 560 561 562 563 564 565 566 567 568 569 570 571 572 573 574 575 576 577 578 579 580 581 582 583 584 585 586 587 588 589 590 591 592 593 594 595 596 597 598 599 600 601 602 603 604 605 606 607 608 609 610 611 612 613 614 615 616 617 618 619 620 621 622 623 624 625 626 627 628 629 630 631 632 633 634 635 636 637 638 639 640 641 642 643 644 645 646 647 648 649 650 651 652 653 654 655 656 657 658 659 660 661 662 663 664 665 666 667 668 669 670 671 672 673 674 675 676 677 678 679 680 681 682 683 684 685 686 687 688 689 690 691 692 693 694 695 696 697 698 699 700 701 702 703 704 705 706 707 708 709 710 711 712 713 714 715 716 717 718 719 720 721 722 723 724 725 726 727 728 729 730 731 732 733 734 735 736 737 738 739 740 741 742 743 744 745 746 747 748 749 750 751 752 753 754 755 756 757 758 759 760 761 762 763 764 765 766 767 768 769 770 771 772 773 774 775 776 777 778 779 780 781 782 783 784 785 786 787 788 789 790 791 792 793 794 795 796 797 798 799 800 801 802 803 804 805 806 807 808 809 810 811 812 813 814 815 816 817 818 819 820 821 822 823 824 825 826 827 828 829 830 831 832 833 834 835 836 837 838 839 840 841 842 843 844 845 846 847 848 849 850 851 852 853 854 855 856 857 858 859 860 861 862 863 864 865 866 867 868 869 870 871 872 873 874 875 876 877 878 879 880 881 882 883 884 885 886 887 888 889 890 891 892 893 894 895 896 897 898 899 900 901 902 903 904 905 906 907 908 909 910 911 912 913 914 915 916 917 918 919 920 921 922 923 924 925 926 927 928 929 930 931 932 933 934 935 936 937 938 939 940 941 942 943 944 945 946 947 948 949 950 951 952 953 954 955 956 957 958 959 960 961 962 963 964 965 966 967 968 969 970 971 972 973 974 975 976 977 978 979 980 981 982 983 984 985 986 987 988 989 990 991 992 993 994 995 996 997 998 999 1000#
#1 2 3 4 5 6 7 8 9 10 11 12 13 14 15 16 17 18 19 20 21 22 23 24 25 26 27 28 29 30 31 32 33 34 35 36 37 38 39 40 41 42 43 44 45 46 47 48 49 50 51 52 53 54 55 56 57 58 59 60 61 62 63 64 65 66 67 68 69 70 71 72 73 74 75 76 77 78 79 80 81 82 83 84 85 86 87 88 89 90 91 92 93 94 95 96 97 98 99 100 101 102 103 104 105 106 107 108 109 110 111 112 113 114 115 116 117 118 119 120 121 122 123 124 125 126 127 128 129 130 131 132 133 134 135 136 137 138 139 140 141 142 143 144 145 146 147 148 149 150 151 152 153 154 155 156 157 158 159 160 161 162 163 164 165 166 167 168 169 170 171 172 173 174 175 176 177 178 179 180 181 182 183 184 185 186 187 188 189 190 191 192 193 194 195 196 197 198 199 200 201 202 203 204 205 206 207 208 209 210 211 212 213 214 215 216 217 218 219 220 221 222 223 224 225 226 227 228 229 230 231 232 233 234 235 236 237 238 239 240 241 242 243 244 245 246 247 248 249 250 251 252 253 254 255 256 257 258 259 260 261 262 263 264 265 266 267 268 269 270 271 272 273 274 275 276 277 278 279 280 281 282 283 284 285 286 287 288 289 290 291 292 293 294 295 296 297 298 299 300 301 302 303 304 305 306 307 308 309 310 311 312 313 314 315 316 317 318 319 320 321 322 323 324 325 326 327 328 329 330 331 332 333 334 335 336 337 338 339 340 341 342 343 344 345 346 347 348 349 350 351 352 353 354 355 356 357 358 359 360 361 362 363 364 365 366 367 368 369 370 371 372 373 374 375 376 377 378 379 380 381 382 383 384 385 386 387 388 389 390 391 392 393 394 395 396 397 398 399 400 401 402 403 404 405 406 407 408 409 410 411 412 413 414 415 416 417 418 419 420 421 422 423 424 425 426 427 428 429 430 431 432 433 434 435 436 437 438 439 440 441 442 443 444 445 446 447 448 449 450 451 452 453 454 455 456 457 458 459 460 461 462 463 464 465 466 467 468 469 470 471 472 473 474 475 476 477 478 479 480 481 482 483 484 485 486 487 488 489 490 491 492 493 494 495 496 497 498 499 500 501 502 503 504 505 506 507 508 509 510 511 512 513 514 515 516 517 518 519 520 521 522 523 524 525 526 527 528 529 530 531 532 533 534 535 536 537 538 539 540 541 542 543 544 545 546 547 548 549 550 551 552 553 554 555 556 557 558 559 560 561 562 563 564 565 566 567 568 569 570 571 572 573 574 575 576 577 578 579 580 581 582 583 584 585 586 587 588 589 590 591 592 593 594 595 596 597 598 599 600 601 602 603 604 605 606 607 608 609 610 611 612 613 614 615 616 617 618 619 620 621 622 623 624 625 626 627 628 629 630 631 632 633 634 635 636 637 638 639 640 641 642 643 644 645 646 647 648 649 650 651 652 653 654 655 656 657 658 659 660 661 662 663 664 665 666 667 668 669 670 671 672 673 674 675 676 677 678 679 680 681 682 683 684 685 686 687 688 689 690 691 692 693 694 695 696 697 698 699 700 701 702 703 704 705 706 707 708 709 710 711 712 713 714 715 716 717 718 719 720 721 722 723 724 725 726 727 728 729 730 731 732 733 734 735 736 737 738 739 740 741 742 743 744 745 746 747 748 749 750 751 752 753 754 755 756 757 758 759 760 761 762 763 764 765 766 767 768 769 770 771 772 773 774 775 776 777 778 779 780 781 782 783 784 785 786 787 788 789 790 791 792 793 794 795 796 797 798 799 800 801 802 803 804 805 806 807 808 809 810 811 812 813 814 815 816 817 818 819 820 821 822 823 824 825 826 827 828 829 830 831 832 833 834 835 836 837 838 839 840 841 842 843 844 845 846 847 848 849 850 851 852 853 854 855 856 857 858 859 860 861 862 863 864 865 866 867 868 869 870 871 872 873 874 875 876 877 878 879 880 881 882 883 884 885 886 887 888 889 890 891 892 893 894 895 896 897 898 899 900 901 902 903 904 905 906 907 908 909 910 911 912 913 914 915 916 917 918 919 920 921 922 923 924 925 926 927 928 929 930 931 932 933 934 935 936 937 938 939 940 941 942 943 944 945 946 947 948 949 950 951 952 953 954 955 956 957 958 959 960 961 962 963 964 965 966 967 968 969 970 971 972 973 974 975 976 977 978 979 980 981 982 983 984 985 986 987 988 989 990 991 992 993 994 995 996 997 998 999 1000
