42 102 109 112 114 127 134 149 162 186 187 193 213 218 220 238 244 277 330 375 379 399 409 419 421 497 506 515 613 629 632 633 642 665 674 693 694 713 744 761 784 826 843 849 858 896 914 919 931 980#42 102 109 112 114 127 134 149 162 186 187 193 213 218 220 238 244 277 330 375 379 399 409 419 421 497 506 515 613 629 632 633 642 665 674 693 694 713 744 761 784 826 843 849 858 896 914 919 931 980
8 19 44 49 54 55 66 120 164 205 226 264 273 283 292 297 307 333 338 345 422 433 455 462 476 480 484 503 546 554 596 637 641 644 655 666 680 691 716 771 793 820 835 857 870 902 946 960 991 992#8 19 44 49 54 55 66 120 164 205 226 264 273 283 292 297 307 333 338 345 422 433 455 462 476 480 484 503 546 554 596 637 641 644 655 666 680 691 716 771 793 820 835 857 870 902 946 960 991 992
7 15 31 43 68 78 110 138 139 153 195 198 211 246 293 298 340 396 412 413 437 439 441 443 456 477 513 525 557 558 591 636 682 712 722 724 737 750 766 791 821 823 882 892 906 930 951 970 976 990#7 15 31 43 68 78 110 138 139 153 195 198 211 246 293 298 340 396 412 413 437 439 441 443 456 477 513 525 557 558 591 636 682 712 722 724 737 750 766 791 821 823 882 892 906 930 951 970 976 990
16 26 56 92 108 135 144 163 191 260 269 299 321 327 349 366 367 390 391 465 487 498 560 569 571 581 600 601 611 625 659 663 676 720 741 757 773 801 817 829 840 861 873 894 921 929 944 963 997 999#16 26 56 92 108 135 144 163 191 260 269 299 321 327 349 366 367 390 391 465 487 498 560 569 571 581 600 601 611 625 659 663 676 720 741 757 773 801 817 829 840 861 873 894 921 929 944 963 997 999
3 22 27 36 60 81 84 88 105 106 154 202 222 255 287 306 381 382 397 403 428 429 430 448 454 483 491 504 509 527 556 580 615 618 621 648 695 707 779 798 837 851 864 884 895 949 967 969 984 1000#3 22 27 36 60 81 84 88 105 106 154 202 222 255 287 306 381 382 397 403 428 429 430 448 454 483 491 504 509 527 556 580 615 618 621 648 695 707 779 798 837 851 864 884 895 949 967 969 984 1000
1 12 53 64 71 79 85 97 100 151 161 203 227 242 262 284 285 319 337 351 354 369 373 400 482 500 507 539 540 555 583 616 622 627 634 669 704 714 718 719 733 790 795 903 924 934 941 948 958 987#1 12 53 64 71 79 85 97 100 151 161 203 227 242 262 284 285 319 337 351 354 369 373 400 482 500 507 539 540 555 583 616 622 627 634 669 704 714 718 719 733 790 795 903 924 934 941 948 958 987
2 17 32 37 61 83 95 119 141 157 160 167 180 184 199 208 210 232 248 249 317 331 352 460 492 494 514 533 541 547 550 595 598 670 688 734 756 767 770 783 810 825 855 885 897 925 927 974 982 998#2 17 32 37 61 83 95 119 141 157 160 167 180 184 199 208 210 232 248 249 317 331 352 460 492 494 514 533 541 547 550 595 598 670 688 734 756 767 770 783 810 825 855 885 897 925 927 974 982 998
11 13 38 39 59 77 86 90 94 103 107 123 156 166 181 215 216 228 241 267 308 368 374 411 445 449 459 463 470 475 489 493 538 552 553 565 593 608 647 650 689 700 723 728 792 899 912 938 954 973#11 13 38 39 59 77 86 90 94 103 107 123 156 166 181 215 216 228 241 267 308 368 374 411 445 449 459 463 470 475 489 493 538 552 553 565 593 608 647 650 689 700 723 728 792 899 912 938 954 973
18 74 96 104 175 212 221 243 261 268 275 334 341 346 347 387 426 435 436 440 496 508 516 524 568 605 614 626 631 649 677 686 687 717 735 736 747 774 787 816 818 827 832 839 847 865 872 878 900 940#18 74 96 104 175 212 221 243 261 268 275 334 341 346 347 387 426 435 436 440 496 508 516 524 568 605 614 626 631 649 677 686 687 717 735 736 747 774 787 816 818 827 832 839 847 865 872 878 900 940
89 91 129 137 148 152 197 245 251 258 272 279 282 289 296 300 309 310 380 415 434 446 467 472 536 564 570 579 624 661 672 702 703 708 729 780 782 807 828 862 867 877 883 915 936 952 962 965 966 994#89 91 129 137 148 152 197 245 251 258 272 279 282 289 296 300 309 310 380 415 434 446 467 472 536 564 570 579 624 661 672 702 703 708 729 780 782 807 828 862 867 877 883 915 936 952 962 965 966 994
35 45 58 69 73 82 113 118 146 159 173 174 192 223 224 231 247 253 265 270 276 280 302 339 355 404 417 466 499 542 545 548 561 572 588 599 612 652 667 698 706 745 760 788 802 834 859 898 913 957#35 45 58 69 73 82 113 118 146 159 173 174 192 223 224 231 247 253 265 270 276 280 302 339 355 404 417 466 499 542 545 548 561 572 588 599 612 652 667 698 706 745 760 788 802 834 859 898 913 957
4 6 23 52 76 128 142 165 176 179 183 225 236 254 311 343 359 364 370 385 398 402 408 458 479 528 530 534 537 567 584 589 592 597 623 639 681 715 740 803 822 863 868 869 874 905 910 935 983 996#4 6 23 52 76 128 142 165 176 179 183 225 236 254 311 343 359 364 370 385 398 402 408 458 479 528 530 534 537 567 584 589 592 597 623 639 681 715 740 803 822 863 868 869 874 905 910 935 983 996
5 65 70 80 111 121 145 150 169 206 229 237 312 323 328 365 383 392 395 420 424 438 451 464 468 473 488 501 502 505 517 519 523 582 607 620 645 654 684 726 748 789 794 833 842 889 901 909 937 947#5 65 70 80 111 121 145 150 169 206 229 237 312 323 328 365 383 392 395 420 424 438 451 464 468 473 488 501 502 505 517 519 523 582 607 620 645 654 684 726 748 789 794 833 842 889 901 909 937 947
14 41 50 63 116 122 133 168 233 266 290 305 318 320 322 326 350 360 377 388 393 401 427 447 450 490 529 566 585 594 657 662 673 685 690 697 769 775 786 808 809 830 850 854 887 893 939 943 950 977#14 41 50 63 116 122 133 168 233 266 290 305 318 320 322 326 350 360 377 388 393 401 427 447 450 490 529 566 585 594 657 662 673 685 690 697 769 775 786 808 809 830 850 854 887 893 939 943 950 977
21 25 34 40 67 72 75 131 143 182 190 250 324 329 418 425 431 432 471 510 511 518 532 543 563 575 577 635 643 656 699 753 765 768 778 796 799 805 813 844 848 853 871 911 928 932 933 971 985 993#21 25 34 40 67 72 75 131 143 182 190 250 324 329 418 425 431 432 471 510 511 518 532 543 563 575 577 635 643 656 699 753 765 768 778 796 799 805 813 844 848 853 871 911 928 932 933 971 985 993
33 57 101 126 136 185 188 230 234 271 278 286 295 301 304 332 371 394 410 414 416 485 544 602 603 604 606 619 630 640 675 692 709 711 725 731 742 743 746 785 831 845 846 876 881 888 904 918 922 988#33 57 101 126 136 185 188 230 234 271 278 286 295 301 304 332 371 394 410 414 416 485 544 602 603 604 606 619 630 640 675 692 709 711 725 731 742 743 746 785 831 845 846 876 881 888 904 918 922 988
9 20 24 28 48 51 62 87 98 99 125 132 140 189 207 209 252 274 314 315 353 358 405 406 469 474 481 486 520 549 551 574 610 646 651 653 749 751 752 754 759 781 852 856 860 879 886 955 972 975#9 20 24 28 48 51 62 87 98 99 125 132 140 189 207 209 252 274 314 315 353 358 405 406 469 474 481 486 520 549 551 574 610 646 651 653 749 751 752 754 759 781 852 856 860 879 886 955 972 975
29 30 46 93 130 170 217 219 259 263 281 316 336 357 363 384 386 389 407 442 444 457 478 531 562 576 587 590 617 638 668 678 739 763 764 776 797 800 836 866 875 907 916 917 920 945 953 959 964 978#29 30 46 93 130 170 217 219 259 263 281 316 336 357 363 384 386 389 407 442 444 457 478 531 562 576 587 590 617 638 668 678 739 763 764 776 797 800 836 866 875 907 916 917 920 945 953 959 964 978
115 117 124 147 155 158 172 194 201 235 256 257 291 294 335 342 356 362 423 453 461 495 512 521 522 559 578 609 658 679 701 705 710 727 730 758 762 772 777 806 819 841 880 908 926 956 968 981 986 995#115 117 124 147 155 158 172 194 201 235 256 257 291 294 335 342 356 362 423 453 461 495 512 521 522 559 578 609 658 679 701 705 710 727 730 758 762 772 777 806 819 841 880 908 926 956 968 981 986 995
10 47 171 177 178 196 200 204 214 239 240 288 303 313 325 344 348 361 372 376 378 452 526 535 573 586 628 660 664 671 683 696 721 732 738 755 804 811 812 814 815 824 838 890 891 923 942 961 979 989#10 47 171 177 178 196 200 204 214 239 240 288 303 313 325 344 348 361 372 376 378 452 526 535 573 586 628 660 664 671 683 696 721 732 738 755 804 811 812 814 815 824 838 890 891 923 942 961 979 989
1 2 3 4 5 6 7 8 9 10 11 12 13 14 15 16 17 18 19 20 21 22 23 24 25 26 27 28 29 30 31 32 33 34 35 36 37 38 39 40 41 42 43 44 45 46 47 48 49 50 51 52 53 54 55 56 57 58 59 60 61 62 63 64 65 66 67 68 69 70 71 72 73 74 75 76 77 78 79 80 81 82 83 84 85 86 87 88 89 90 91 92 93 94 95 96 97 98 99 100 101 102 103 104 105 106 107 108 109 110 111 112 113 114 115 116 117 118 119 120 121 122 123 124 125 126 127 128 129 130 131 132 133 134 135 136 137 138 139 140 141 142 143 144 145 146 147 148 149 150 151 152 153 154 155 156 157 158 159 160 161 162 163 164 165 166 167 168 169 170 171 172 173 174 175 176 177 178 179 180 181 182 183 184 185 186 187 188 189 190 191 192 193 194 195 196 197 198 199 200 201 202 203 204 205 206 207 208 209 210 211 212 213 214 215 216 217 218 219 220 221 222 223 224 225 226 227 228 229 230 231 232 233 234 235 236 237 238 239 240 241 242 243 244 245 246 247 248 249 250 251 252 253 254 255 256 257 258 259 260 261 262 263 264 265 266 267 268 269 270 271 272 273 274 275 276 277 278 279 280 281 282 283 284 285 286 287 288 289 290 291 292 293 294 295 296 297 298 299 300 301 302 303 304 305 306 307 308 309 310 311 312 313 314 315 316 317 318 319 320 321 322 323 324 325 326 327 328 329 330 331 332 333 334 335 336 337 338 339 340 341 342 343 344 345 346 347 348 349 350 351 352 353 354 355 356 357 358 359 360 361 362 363 364 365 366 367 368 369 370 371 372 373 374 375 376 377 378 379 380 381 382 383 384 385 386 387 388 389 390 391 392 393 394 395 396 397 398 399 400 401 402 403 404 405 406 407 408 409 410 411 412 413 414 415 416 417 418 419 420 421 422 423 424 425 426 427 428 429 430 431 432 433 434 435 436 437 438 439 440 441 442 443 444 445 446 447 448 449 450 451 452 453 454 455 456 457 458 459 460 461 462 463 464 465 466 467 468 469 470 471 472 473 474 475 476 477 478 479 480 481 482 483 484 485 486 487 488 489 490 491 492 493 494 495 496 497 498 499 500 501 502 503 504 505 506 507 508 509 510 511 512 513 514 515 516 517 518 519 520 521 522 523 524 525 526 527 528 529 530 531 532 533 534 535 536 537 538 539 540 541 542 543 544 545 546 547 548 549 550 551 552 553 554 555 556 557 558 559 560 561 562 563 564 565 566 567 568 569 570 571 572 573 574 575 576 577 578 579 580 581 582 583 584 585 586 587 588 589 590 591 592 593 594 595 596 597 598 599 600 601 602 603 604 605 606 607 608 609 610 611 612 613 614 615 616 617 618 619 620 621 622 623 624 625 626 627 628 629 630 631 632 633 634 635 636 637 638 639 640 641 642 643 644 645 646 647 648 649 650 651 652 653 654 655 656 657 658 659 660 661 662 663 664 665 666 667 668 669 670 671 672 673 674 675 676 677 678 679 680 681 682 683 684 685 686 687 688 689 690 691 692 693 694 695 696 697 698 699 700 701 702 703 704 705 706 707 708 709 710 711 712 713 714 715 716 717 718 719 720 721 722 723 724 725 726 727 728 729 730 731 732 733 734 735 736 737 738 739 740 741 742 743 744 745 746 747 748 749 750 751 752 753 754 755 756 757 758 759 760 761 762 763 764 765 766 767 768 769 770 771 772 773 774 775 776 777 778 779 780 781 782 783 784 785 786 787 788 789 790 791 792 793 794 795 796 797 798 799 800 801 802 803 804 805 806 807 808 809 810 811 812 813 814 815 816 817 818 819 820 821 822 823 824 825 826 827 828 829 830 831 832 833 834 835 836 837 838 839 840 841 842 843 844 845 846 847 848 849 850 851 852 853 854 855 856 857 858 859 860 861 862 863 864 865 866 867 868 869 870 871 872 873 874 875 876 877 878 879 880 881 882 883 884 885 886 887 888 889 890 891 892 893 894 895 896 897 898 899 900 901 902 903 904 905 906 907 908 909 910 911 912 913 914 915 916 917 918 919 920 921 922 923 924 925 926 927 928 929 930 931 932 933 934 935 936 937 938 939 940 941 942 943 944 945 946 947 948 949 950 951 952 953 954 955 956 957 958 959 960 961 962 963 964 965 966 967 968 969 970 971 972 973 974 975 976 977 978 979 980 981 982 983 984 985 986 987 988 989 990 991 992 993 994 995 996 997 998 999 1000#
#1 2 3 4 5 6 7 8 9 10 11 12 13 14 15 16 17 18 19 20 21 22 23 24 25 26 27 28 29 30 31 32 33 34 35 36 37 38 39 40 41 42 43 44 45 46 47 48 49 50 51 52 53 54 55 56 57 58 59 60 61 62 63 64 65 66 67 68 69 70 71 72 73 74 75 76 77 78 79 80 81 82 83 84 85 86 87 88 89 90 91 92 93 94 95 96 97 98 99 100 101 102 103 104 105 106 107 108 109 110 111 112 113 114 115 116 117 118 119 120 121 122 123 124 125 126 127 128 129 130 131 132 133 134 135 136 137 138 139 140 141 142 143 144 145 146 147 148 149 150 151 152 153 154 155 156 157 158 159 160 161 162 163 164 165 166 167 168 169 170 171 172 173 174 175 176 177 178 179 180 181 182 183 184 185 186 187 188 189 190 191 192 193 194 195 196 197 198 199 200 201 202 203 204 205 206 207 208 209 210 211 212 213 214 215 216 217 218 219 220 221 222 223 224 225 226 227 228 229 230 231 232 233 234 235 236 237 238 239 240 241 242 243 244 245 246 247 248 249 250 251 252 253 254 255 256 257 258 259 260 261 262 263 264 265 266 267 268 269 270 271 272 273 274 275 276 277 278 279 280 281 282 283 284 285 286 287 288 289 290 291 292 293 294 295 296 297 298 299 300 301 302 303 304 305 306 307 308 309 310 311 312 313 314 315 316 317 318 319 320 321 322 323 324 325 326 327 328 329 330 331 332 333 334 335 336 337 338 339 340 341 342 343 344 345 346 347 348 349 350 351 352 353 354 355 356 357 358 359 360 361 362 363 364 365 366 367 368 369 370 371 372 373 374 375 376 377 378 379 380 381 382 383 384 385 386 387 388 389 390 391 392 393 394 395 396 397 398 399 400 401 402 403 404 405 406 407 408 409 410 411 412 413 414 415 416 417 418 419 420 421 422 423 424 425 426 427 428 429 430 431 432 433 434 435 436 437 438 439 440 441 442 443 444 445 446 447 448 449 450 451 452 453 454 455 456 457 458 459 460 461 462 463 464 465 466 467 468 469 470 471 472 473 474 475 476 477 478 479 480 481 482 483 484 485 486 487 488 489 490 491 492 493 494 495 496 497 498 499 500 501 502 503 504 505 506 507 508 509 510 511 512 513 514 515 516 517 518 519 520 521 522 523 524 525 526 527 528 529 530 531 532 533 534 535 536 537 538 539 540 541 542 543 544 545 546 547 548 549 550 551 552 553 554 555 556 557 558 559 560 561 562 563 564 565 566 567 568 569 570 571 572 573 574 575 576 577 578 579 580 581 582 583 584 585 586 587 588 589 590 591 592 593 594 595 596 597 598 599 600 601 602 603 604 605 606 607 608 609 610 611 612 613 614 615 616 617 618 619 620 621 622 623 624 625 626 627 628 629 630 631 632 633 634 635 636 637 638 639 640 641 642 643 644 645 646 647 648 649 650 651 652 653 654 655 656 657 658 659 660 661 662 663 664 665 666 667 668 669 670 671 672 673 674 675 676 677 678 679 680 681 682 683 684 685 686 687 688 689 690 691 692 693 694 695 696 697 698 699 700 701 702 703 704 705 706 707 708 709 710 711 712 713 714 715 716 717 718 719 720 721 722 723 724 725 726 727 728 729 730 731 732 733 734 735 736 737 738 739 740 741 742 743 744 745 746 747 748 749 750 751 752 753 754 755 756 757 758 759 760 761 762 763 764 765 766 767 768 769 770 771 772 773 774 775 776 777 778 779 780 781 782 783 784 785 786 787 788 789 790 791 792 793 794 795 796 797 798 799 800 801 802 803 804 805 806 807 808 809 810 811 812 813 814 815 816 817 818 819 820 821 822 823 824 825 826 827 828 829 830 831 832 833 834 835 836 837 838 839 840 841 842 843 844 845 846 847 848 849 850 851 852 853 854 855 856 857 858 859 860 861 862 863 864 865 866 867 868 869 870 871 872 873 874 875 876 877 878 879 880 881 882 883 884 885 886 887 888 889 890 891 892 893 894 895 896 897 898 899 900 901 902 903 904 905 906 907 908 909 910 911 912 913 914 915 916 917 918 919 920 921 922 923 924 925 926 927 928 929 930 931 932 933 934 935 936 937 938 939 940 941 942 943 944 945 946 947 948 949 950 951 952 953 954 955 956 957 958 959 960 961 962 963 964 965 966 967 968 969 970 971 972 973 974 975 976 977 978 979 980 981 982 983 984 985 986 987 988 989 990 991 992 993 994 995 996 997 998 999 1000
