6 9 29 36 40 63 94 101 105 130 133 146 193 195 211 212 232 233 251 264 326 339 348 412 475 522 567 609 627 651 653 733 734 735 740 764 773 796 818 832 834 838 839 877 885 916 950 960 964 992#6 9 29 36 40 63 94 101 105 130 133 146 193 195 211 212 232 233 251 264 326 339 348 412 475 522 567 609 627 651 653 733 734 735 740 764 773 796 818 832 834 838 839 877 885 916 950 960 964 992
72 73 100 110 124 182 185 202 254 287 306 308 329 356 372 384 393 416 437 443 457 464 580 594 607 622 642 672 679 684 687 700 710 711 712 749 790 808 822 825 841 847 860 864 921 942 965 976 984 986#72 73 100 110 124 182 185 202 254 287 306 308 329 356 372 384 393 416 437 443 457 464 580 594 607 622 642 672 679 684 687 700 710 711 712 749 790 808 822 825 841 847 860 864 921 942 965 976 984 986
28 44 53 67 83 86 96 97 119 122 158 177 255 269 279 283 294 301 311 317 322 354 391 392 402 411 413 432 441 458 483 486 490 518 539 540 547 549 559 664 751 757 780 782 795 856 861 928 968 1000#28 44 53 67 83 86 96 97 119 122 158 177 255 269 279 283 294 301 311 317 322 354 391 392 402 411 413 432 441 458 483 486 490 518 539 540 547 549 559 664 751 757 780 782 795 856 861 928 968 1000
15 50 55 85 121 140 148 203 204 223 238 259 270 309 337 361 418 481 487 499 500 511 531 535 553 562 569 570 587 635 638 661 699 703 741 746 750 755 783 800 803 813 854 879 882 913 944 952 973 995#15 50 55 85 121 140 148 203 204 223 238 259 270 309 337 361 418 481 487 499 500 511 531 535 553 562 569 570 587 635 638 661 699 703 741 746 750 755 783 800 803 813 854 879 882 913 944 952 973 995
4 10 49 51 88 103 112 114 151 157 168 190 194 197 209 231 281 298 312 351 357 362 373 375 435 447 454 466 533 545 573 588 589 598 615 629 647 654 704 720 775 787 805 831 842 876 940 953 961 999#4 10 49 51 88 103 112 114 151 157 168 190 194 197 209 231 281 298 312 351 357 362 373 375 435 447 454 466 533 545 573 588 589 598 615 629 647 654 704 720 775 787 805 831 842 876 940 953 961 999
2 16 19 31 35 38 58 139 145 152 186 234 239 278 313 355 388 389 409 415 439 460 498 502 509 512 525 542 590 591 599 617 620 626 633 637 688 706 748 774 788 809 810 887 898 901 951 969 975 977#2 16 19 31 35 38 58 139 145 152 186 234 239 278 313 355 388 389 409 415 439 460 498 502 509 512 525 542 590 591 599 617 620 626 633 637 688 706 748 774 788 809 810 887 898 901 951 969 975 977
56 71 107 134 135 149 154 163 171 184 189 284 285 338 365 396 421 469 484 517 529 534 557 565 593 601 602 655 658 666 677 701 709 717 726 738 777 792 797 801 824 840 851 852 881 890 891 922 923 943#56 71 107 134 135 149 154 163 171 184 189 284 285 338 365 396 421 469 484 517 529 534 557 565 593 601 602 655 658 666 677 701 709 717 726 738 777 792 797 801 824 840 851 852 881 890 891 922 923 943
25 76 87 113 143 166 169 173 199 217 235 258 282 290 321 330 335 367 368 377 379 386 390 394 397 419 423 455 482 636 648 675 686 694 744 745 752 758 798 827 829 849 894 908 925 939 948 956 959 980#25 76 87 113 143 166 169 173 199 217 235 258 282 290 321 330 335 367 368 377 379 386 390 394 397 419 423 455 482 636 648 675 686 694 744 745 752 758 798 827 829 849 894 908 925 939 948 956 959 980
8 26 45 64 74 77 118 141 144 150 165 219 253 272 276 288 292 300 302 350 382 385 398 452 465 478 521 596 616 643 676 722 739 766 769 811 836 855 867 886 892 895 917 929 930 954 958 966 972 996#8 26 45 64 74 77 118 141 144 150 165 219 253 272 276 288 292 300 302 350 382 385 398 452 465 478 521 596 616 643 676 722 739 766 769 811 836 855 867 886 892 895 917 929 930 954 958 966 972 996
33 128 136 174 201 237 256 257 286 299 327 344 349 352 380 403 427 442 461 494 507 510 513 519 536 554 563 568 571 577 586 619 632 671 695 702 716 725 728 793 816 823 883 907 910 912 934 936 947 978#33 128 136 174 201 237 256 257 286 299 327 344 349 352 380 403 427 442 461 494 507 510 513 519 536 554 563 568 571 577 586 619 632 671 695 702 716 725 728 793 816 823 883 907 910 912 934 936 947 978
24 52 116 120 178 180 188 208 222 243 249 263 273 280 297 376 383 400 407 446 448 451 470 479 489 492 528 585 595 600 603 612 621 645 691 697 723 730 743 768 806 807 820 848 900 911 920 955 987 994#24 52 116 120 178 180 188 208 222 243 249 263 273 280 297 376 383 400 407 446 448 451 470 479 489 492 528 585 595 600 603 612 621 645 691 697 723 730 743 768 806 807 820 848 900 911 920 955 987 994
3 21 22 32 34 66 68 70 108 131 147 162 210 227 260 314 328 336 369 374 406 433 474 526 530 550 555 574 582 630 665 673 689 693 705 714 761 765 771 858 865 880 888 893 909 941 957 971 985 991#3 21 22 32 34 66 68 70 108 131 147 162 210 227 260 314 328 336 369 374 406 433 474 526 530 550 555 574 582 630 665 673 689 693 705 714 761 765 771 858 865 880 888 893 909 941 957 971 985 991
13 47 62 69 81 84 91 92 123 129 172 229 248 252 267 268 293 307 332 340 405 417 420 453 459 541 556 608 628 650 663 667 682 696 707 760 814 833 844 845 846 857 859 870 871 872 914 919 979 982#13 47 62 69 81 84 91 92 123 129 172 229 248 252 267 268 293 307 332 340 405 417 420 453 459 541 556 608 628 650 663 667 682 696 707 760 814 833 844 845 846 857 859 870 871 872 914 919 979 982
46 93 99 126 127 138 155 179 207 218 225 241 261 296 305 331 387 425 449 468 473 514 532 548 581 592 610 613 614 640 644 662 670 681 685 698 731 747 772 815 853 862 866 873 902 904 906 937 945 970#46 93 99 126 127 138 155 179 207 218 225 241 261 296 305 331 387 425 449 468 473 514 532 548 581 592 610 613 614 640 644 662 670 681 685 698 731 747 772 815 853 862 866 873 902 904 906 937 945 970
30 41 65 78 79 80 109 191 213 220 244 245 246 274 295 315 316 334 347 358 363 429 436 445 491 505 537 575 604 624 631 649 652 656 657 669 678 708 742 767 784 786 791 899 903 905 915 935 946 993#30 41 65 78 79 80 109 191 213 220 244 245 246 274 295 315 316 334 347 358 363 429 436 445 491 505 537 575 604 624 631 649 652 656 657 669 678 708 742 767 784 786 791 899 903 905 915 935 946 993
11 23 42 60 137 156 159 167 183 192 196 198 200 216 236 275 304 318 319 333 359 364 408 438 471 493 504 520 523 543 551 560 646 715 737 762 776 779 794 802 819 830 843 850 863 868 875 918 932 974#11 23 42 60 137 156 159 167 183 192 196 198 200 216 236 275 304 318 319 333 359 364 408 438 471 493 504 520 523 543 551 560 646 715 737 762 776 779 794 802 819 830 843 850 863 868 875 918 932 974
5 27 39 48 54 102 117 153 170 175 181 205 230 240 291 310 320 323 341 342 366 370 378 399 428 467 476 488 495 496 503 508 524 527 584 597 605 625 634 692 713 719 724 732 828 837 924 963 967 988#5 27 39 48 54 102 117 153 170 175 181 205 230 240 291 310 320 323 341 342 366 370 378 399 428 467 476 488 495 496 503 508 524 527 584 597 605 625 634 692 713 719 724 732 828 837 924 963 967 988
43 57 75 89 90 98 106 125 164 221 224 265 266 271 289 345 404 430 431 434 477 485 497 506 516 538 544 546 564 572 576 583 618 639 683 718 729 759 799 821 835 874 878 897 927 938 962 990 997 998#43 57 75 89 90 98 106 125 164 221 224 265 266 271 289 345 404 430 431 434 477 485 497 506 516 538 544 546 564 572 576 583 618 639 683 718 729 759 799 821 835 874 878 897 927 938 962 990 997 998
1 7 12 17 20 37 59 61 82 104 132 142 161 176 206 214 215 228 277 303 346 371 395 401 410 422 450 462 463 472 480 515 606 611 641 659 668 674 690 727 756 770 778 812 884 889 926 931 949 983#1 7 12 17 20 37 59 61 82 104 132 142 161 176 206 214 215 228 277 303 346 371 395 401 410 422 450 462 463 472 480 515 606 611 641 659 668 674 690 727 756 770 778 812 884 889 926 931 949 983
14 18 95 111 115 160 187 226 242 247 250 262 324 325 343 353 360 381 414 424 426 440 444 456 501 552 558 561 566 578 579 623 660 680 721 736 753 754 763 781 785 789 804 817 826 869 896 933 981 989#14 18 95 111 115 160 187 226 242 247 250 262 324 325 343 353 360 381 414 424 426 440 444 456 501 552 558 561 566 578 579 623 660 680 721 736 753 754 763 781 785 789 804 817 826 869 896 933 981 989
1 2 3 4 5 6 7 8 9 10 11 12 13 14 15 16 17 18 19 20 21 22 23 24 25 26 27 28 29 30 31 32 33 34 35 36 37 38 39 40 41 42 43 44 45 46 47 48 49 50 51 52 53 54 55 56 57 58 59 60 61 62 63 64 65 66 67 68 69 70 71 72 73 74 75 76 77 78 79 80 81 82 83 84 85 86 87 88 89 90 91 92 93 94 95 96 97 98 99 100 101 102 103 104 105 106 107 108 109 110 111 112 113 114 115 116 117 118 119 120 121 122 123 124 125 126 127 128 129 130 131 132 133 134 135 136 137 138 139 140 141 142 143 144 145 146 147 148 149 150 151 152 153 154 155 156 157 158 159 160 161 162 163 164 165 166 167 168 169 170 171 172 173 174 175 176 177 178 179 180 181 182 183 184 185 186 187 188 189 190 191 192 193 194 195 196 197 198 199 200 201 202 203 204 205 206 207 208 209 210 211 212 213 214 215 216 217 218 219 220 221 222 223 224 225 226 227 228 229 230 231 232 233 234 235 236 237 238 239 240 241 242 243 244 245 246 247 248 249 250 251 252 253 254 255 256 257 258 259 260 261 262 263 264 265 266 267 268 269 270 271 272 273 274 275 276 277 278 279 280 281 282 283 284 285 286 287 288 289 290 291 292 293 294 295 296 297 298 299 300 301 302 303 304 305 306 307 308 309 310 311 312 313 314 315 316 317 318 319 320 321 322 323 324 325 326 327 328 329 330 331 332 333 334 335 336 337 338 339 340 341 342 343 344 345 346 347 348 349 350 351 352 353 354 355 356 357 358 359 360 361 362 363 364 365 366 367 368 369 370 371 372 373 374 375 376 377 378 379 380 381 382 383 384 385 386 387 388 389 390 391 392 393 394 395 396 397 398 399 400 401 402 403 404 405 406 407 408 409 410 411 412 413 414 415 416 417 418 419 420 421 422 423 424 425 426 427 428 429 430 431 432 433 434 435 436 437 438 439 440 441 442 443 444 445 446 447 448 449 450 451 452 453 454 455 456 457 458 459 460 461 462 463 464 465 466 467 468 469 470 471 472 473 474 475 476 477 478 479 480 481 482 483 484 485 486 487 488 489 490 491 492 493 494 495 496 497 498 499 500 501 502 503 504 505 506 507 508 509 510 511 512 513 514 515 516 517 518 519 520 521 522 523 524 525 526 527 528 529 530 531 532 533 534 535 536 537 538 539 540 541 542 543 544 545 546 547 548 549 550 551 552 553 554 555 556 557 558 559 560 561 562 563 564 565 566 567 568 569 570 571 572 573 574 575 576 577 578 579 580 581 582 583 584 585 586 587 588 589 590 591 592 593 594 595 596 597 598 599 600 601 602 603 604 605 606 607 608 609 610 611 612 613 614 615 616 617 618 619 620 621 622 623 624 625 626 627 628 629 630 631 632 633 634 635 636 637 638 639 640 641 642 643 644 645 646 647 648 649 650 651 652 653 654 655 656 657 658 659 660 661 662 663 664 665 666 667 668 669 670 671 672 673 674 675 676 677 678 679 680 681 682 683 684 685 686 687 688 689 690 691 692 693 694 695 696 697 698 699 700 701 702 703 704 705 706 707 708 709 710 711 712 713 714 715 716 717 718 719 720 721 722 723 724 725 726 727 728 729 730 731 732 733 734 735 736 737 738 739 740 741 742 743 744 745 746 747 748 749 750 751 752 753 754 755 756 757 758 759 760 761 762 763 764 765 766 767 768 769 770 771 772 773 774 775 776 777 778 779 780 781 782 783 784 785 786 787 788 789 790 791 792 793 794 795 796 797 798 799 800 801 802 803 804 805 806 807 808 809 810 811 812 813 814 815 816 817 818 819 820 821 822 823 824 825 826 827 828 829 830 831 832 833 834 835 836 837 838 839 840 841 842 843 844 845 846 847 848 849 850 851 852 853 854 855 856 857 858 859 860 861 862 863 864 865 866 867 868 869 870 871 872 873 874 875 876 877 878 879 880 881 882 883 884 885 886 887 888 889 890 891 892 893 894 895 896 897 898 899 900 901 902 903 904 905 906 907 908 909 910 911 912 913 914 915 916 917 918 919 920 921 922 923 924 925 926 927 928 929 930 931 932 933 934 935 936 937 938 939 940 941 942 943 944 945 946 947 948 949 950 951 952 953 954 955 956 957 958 959 960 961 962 963 964 965 966 967 968 969 970 971 972 973 974 975 976 977 978 979 980 981 982 983 984 985 986 987 988 989 990 991 992 993 994 995 996 997 998 999 1000#
#1 2 3 4 5 6 7 8 9 10 11 12 13 14 15 16 17 18 19 20 21 22 23 24 25 26 27 28 29 30 31 32 33 34 35 36 37 38 39 40 41 42 43 44 45 46 47 48 49 50 51 52 53 54 55 56 57 58 59 60 61 62 63 64 65 66 67 68 69 70 71 72 73 74 75 76 77 78 79 80 81 82 83 84 85 86 87 88 89 90 91 92 93 94 95 96 97 98 99 100 101 102 103 104 105 106 107 108 109 110 111 112 113 114 115 116 117 118 119 120 121 122 123 124 125 126 127 128 129 130 131 132 133 134 135 136 137 138 139 140 141 142 143 144 145 146 147 148 149 150 151 152 153 154 155 156 157 158 159 160 161 162 163 164 165 166 167 168 169 170 171 172 173 174 175 176 177 178 179 180 181 182 183 184 185 186 187 188 189 190 191 192 193 194 195 196 197 198 199 200 201 202 203 204 205 206 207 208 209 210 211 212 213 214 215 216 217 218 219 220 221 222 223 224 225 226 227 228 229 230 231 232 233 234 235 236 237 238 239 240 241 242 243 244 245 246 247 248 249 250 251 252 253 254 255 256 257 258 259 260 261 262 263 264 265 266 267 268 269 270 271 272 273 274 275 276 277 278 279 280 281 282 283 284 285 286 287 288 289 290 291 292 293 294 295 296 297 298 299 300 301 302 303 304 305 306 307 308 309 310 311 312 313 314 315 316 317 318 319 320 321 322 323 324 325 326 327 328 329 330 331 332 333 334 335 336 337 338 339 340 341 342 343 344 345 346 347 348 349 350 351 352 353 354 355 356 357 358 359 360 361 362 363 364 365 366 367 368 369 370 371 372 373 374 375 376 377 378 379 380 381 382 383 384 385 386 387 388 389 390 391 392 393 394 395 396 397 398 399 400 401 402 403 404 405 406 407 408 409 410 411 412 413 414 415 416 417 418 419 420 421 422 423 424 425 426 427 428 429 430 431 432 433 434 435 436 437 438 439 440 441 442 443 444 445 446 447 448 449 450 451 452 453 454 455 456 457 458 459 460 461 462 463 464 465 466 467 468 469 470 471 472 473 474 475 476 477 478 479 480 481 482 483 484 485 486 487 488 489 490 491 492 493 494 495 496 497 498 499 500 501 502 503 504 505 506 507 508 509 510 511 512 513 514 515 516 517 518 519 520 521 522 523 524 525 526 527 528 529 530 531 532 533 534 535 536 537 538 539 540 541 542 543 544 545 546 547 548 549 550 551 552 553 554 555 556 557 558 559 560 561 562 563 564 565 566 567 568 569 570 571 572 573 574 575 576 577 578 579 580 581 582 583 584 585 586 587 588 589 590 591 592 593 594 595 596 597 598 599 600 601 602 603 604 605 606 607 608 609 610 611 612 613 614 615 616 617 618 619 620 621 622 623 624 625 626 627 628 629 630 631 632 633 634 635 636 637 638 639 640 641 642 643 644 645 646 647 648 649 650 651 652 653 654 655 656 657 658 659 660 661 662 663 664 665 666 667 668 669 670 671 672 673 674 675 676 677 678 679 680 681 682 683 684 685 686 687 688 689 690 691 692 693 694 695 696 697 698 699 700 701 702 703 704 705 706 707 708 709 710 711 712 713 714 715 716 717 718 719 720 721 722 723 724 725 726 727 728 729 730 731 732 733 734 735 736 737 738 739 740 741 742 743 744 745 746 747 748 749 750 751 752 753 754 755 756 757 758 759 760 761 762 763 764 765 766 767 768 769 770 771 772 773 774 775 776 777 778 779 780 781 782 783 784 785 786 787 788 789 790 791 792 793 794 795 796 797 798 799 800 801 802 803 804 805 806 807 808 809 810 811 812 813 814 815 816 817 818 819 820 821 822 823 824 825 826 827 828 829 830 831 832 833 834 835 836 837 838 839 840 841 842 843 844 845 846 847 848 849 850 851 852 853 854 855 856 857 858 859 860 861 862 863 864 865 866 867 868 869 870 871 872 873 874 875 876 877 878 879 880 881 882 883 884 885 886 887 888 889 890 891 892 893 894 895 896 897 898 899 900 901 902 903 904 905 906 907 908 909 910 911 912 913 914 915 916 917 918 919 920 921 922 923 924 925 926 927 928 929 930 931 932 933 934 935 936 937 938 939 940 941 942 943 944 945 946 947 948 949 950 951 952 953 954 955 956 957 958 959 960 961 962 963 964 965 966 967 968 969 970 971 972 973 974 975 976 977 978 979 980 981 982 983 984 985 986 987 988 989 990 991 992 993 994 995 996 997 998 999 1000
