9 15 93 220 235 246 255 272 343 368 496 510 528 534 541 632 641 661 686 798 821 889 894 961 981#9 15 93 220 235 246 255 272 343 368 496 510 528 534 541 632 641 661 686 798 821 889 894 961 981
12 42 58 62 110 128 132 138 155 156 253 260 261 263 269 306 318 323 342 353 391 399 444 458 465 499 512 567 588 596 602 698 707 720 776 801 803 817 832 836 847 853 859 896 906 929 959 966 978 990#12 42 58 62 110 128 132 138 155 156 253 260 261 263 269 306 318 323 342 353 391 399 444 458 465 499 512 567 588 596 602 698 707 720 776 801 803 817 832 836 847 853 859 896 906 929 959 966 978 990
13 52 75 92 104 105 153 154 182 183 205 254 280 292 301 373 375 376 379 454 455 461 507 569 575 614 619 630 663 667 679 694 717 731 750 754 756 772 789 810 850 852 873 913 918 923 928 958 989 997#13 52 75 92 104 105 153 154 182 183 205 254 280 292 301 373 375 376 379 454 455 461 507 569 575 614 619 630 663 667 679 694 717 731 750 754 756 772 789 810 850 852 873 913 918 923 928 958 989 997
70 113 192 274 300 325 417 429 493 495 539 556 622 640 646 736 816 824 831 838 869 879 922 992 993#70 113 192 274 300 325 417 429 493 495 539 556 622 640 646 736 816 824 831 838 869 879 922 992 993
31 55 78 87 95 98 114 124 191 193 216 224 262 285 286 299 322 330 332 333 354 360 380 381 384 431 456 460 464 489 508 558 566 605 620 625 649 708 739 741 766 769 822 845 921 925 960 975 980 984#31 55 78 87 95 98 114 124 191 193 216 224 262 285 286 299 322 330 332 333 354 360 380 381 384 431 456 460 464 489 508 558 566 605 620 625 649 708 739 741 766 769 822 845 921 925 960 975 980 984
4 28 59 80 139 164 185 208 209 266 305 311 313 320 324 326 355 367 440 478 513 518 520 554 570 583 593 595 601 608 621 642 681 696 711 771 777 799 812 820 827 860 862 884 905 931 954 962 977 999#4 28 59 80 139 164 185 208 209 266 305 311 313 320 324 326 355 367 440 478 513 518 520 554 570 583 593 595 601 608 621 642 681 696 711 771 777 799 812 820 827 860 862 884 905 931 954 962 977 999
45 49 130 149 174 177 227 232 265 314 329 357 369 459 636 674 678 710 762 813 826 830 878 915 970#45 49 130 149 174 177 227 232 265 314 329 357 369 459 636 674 678 710 762 813 826 830 878 915 970
2 6 25 37 39 46 47 53 77 79 96 101 102 107 119 126 160 163 168 180 190 210 219 231 248 267 289 293 294 296 327 336 341 346 347 366 377 378 386 397 398 402 403 404 408 409 414 415 416 428 432 446 473 482 488 532 550 551 571 577 585 607 611 634 638 639 660 664 673 676 689 695 713 718 725 728 729 738 740 755 763 764 778 786 802 835 846 872 897 907 909 910 933 934 935 936 939 947 965 974#2 6 25 37 39 46 47 53 77 79 96 101 102 107 119 126 160 163 168 180 190 210 219 231 248 267 289 293 294 296 327 336 341 346 347 366 377 378 386 397 398 402 403 404 408 409 414 415 416 428 432 446 473 482 488 532 550 551 571 577 585 607 611 634 638 639 660 664 673 676 689 695 713 718 725 728 729 738 740 755 763 764 778 786 802 835 846 872 897 907 909 910 933 934 935 936 939 947 965 974
10 23 50 69 106 122 134 140 167 178 179 221 226 247 249 258 270 273 277 297 302 316 334 359 383 395 401 427 462 480 494 498 530 547 548 553 592 650 685 692 745 768 770 773 792 823 863 972 991 994#10 23 50 69 106 122 134 140 167 178 179 221 226 247 249 258 270 273 277 297 302 316 334 359 383 395 401 427 462 480 494 498 530 547 548 553 592 650 685 692 745 768 770 773 792 823 863 972 991 994
21 100 109 165 204 243 282 335 338 362 413 451 467 574 599 712 724 749 839 877 893 908 941 969 985#21 100 109 165 204 243 282 335 338 362 413 451 467 574 599 712 724 749 839 877 893 908 941 969 985
26 27 29 51 56 68 71 83 111 120 129 145 166 172 196 200 213 217 225 229 233 234 236 237 238 271 290 307 317 339 345 358 371 387 389 400 406 421 424 426 434 450 453 466 468 470 483 497 514 515 523 531 540 543 555 557 559 563 568 582 584 591 604 616 617 623 633 643 645 672 682 684 688 701 702 714 716 721 727 746 747 758 765 775 815 837 841 854 857 866 880 885 892 895 900 916 919 953 995 998#26 27 29 51 56 68 71 83 111 120 129 145 166 172 196 200 213 217 225 229 233 234 236 237 238 271 290 307 317 339 345 358 371 387 389 400 406 421 424 426 434 450 453 466 468 470 483 497 514 515 523 531 540 543 555 557 559 563 568 582 584 591 604 616 617 623 633 643 645 672 682 684 688 701 702 714 716 721 727 746 747 758 765 775 815 837 841 854 857 866 880 885 892 895 900 916 919 953 995 998
3 7 8 18 32 38 57 60 86 91 97 116 117 137 147 151 158 170 171 181 197 222 251 252 256 264 276 279 284 295 298 344 351 365 372 392 419 423 433 447 469 479 486 490 501 509 522 533 542 544 549 572 573 580 586 589 590 600 609 610 612 613 635 637 651 655 657 665 666 668 671 677 704 706 715 732 742 761 783 784 790 793 794 796 829 851 861 871 876 888 898 914 920 943 944 952 963 971 976 983#3 7 8 18 32 38 57 60 86 91 97 116 117 137 147 151 158 170 171 181 197 222 251 252 256 264 276 279 284 295 298 344 351 365 372 392 419 423 433 447 469 479 486 490 501 509 522 533 542 544 549 572 573 580 586 589 590 600 609 610 612 613 635 637 651 655 657 665 666 668 671 677 704 706 715 732 742 761 783 784 790 793 794 796 829 851 861 871 876 888 898 914 920 943 944 952 963 971 976 983
22 24 30 36 43 44 66 76 81 84 85 88 90 94 99 121 135 142 148 150 157 159 173 175 187 188 194 202 218 242 244 250 275 281 308 328 363 385 393 396 405 420 422 425 436 449 471 474 477 491 492 517 521 524 525 527 561 578 581 597 627 631 654 680 683 697 703 719 733 734 743 752 753 757 785 791 797 800 806 807 808 811 825 834 840 843 844 865 868 870 874 875 901 926 942 946 949 973 982 987#22 24 30 36 43 44 66 76 81 84 85 88 90 94 99 121 135 142 148 150 157 159 173 175 187 188 194 202 218 242 244 250 275 281 308 328 363 385 393 396 405 420 422 425 436 449 471 474 477 491 492 517 521 524 525 527 561 578 581 597 627 631 654 680 683 697 703 719 733 734 743 752 753 757 785 791 797 800 806 807 808 811 825 834 840 843 844 865 868 870 874 875 901 926 942 946 949 973 982 987
17 20 33 35 48 61 63 64 67 89 112 115 118 123 125 136 143 146 152 161 169 176 186 195 201 207 212 223 239 240 257 268 283 287 288 309 319 337 348 349 350 361 364 441 442 445 452 457 475 481 487 511 516 526 536 537 545 552 565 576 594 603 618 648 652 658 659 675 687 691 699 705 722 723 748 781 787 795 805 818 828 858 881 886 887 902 904 912 927 930 938 950 951 955 956 957 967 968 979 986#17 20 33 35 48 61 63 64 67 89 112 115 118 123 125 136 143 146 152 161 169 176 186 195 201 207 212 223 239 240 257 268 283 287 288 309 319 337 348 349 350 361 364 441 442 445 452 457 475 481 487 511 516 526 536 537 545 552 565 576 594 603 618 648 652 658 659 675 687 691 699 705 722 723 748 781 787 795 805 818 828 858 881 886 887 902 904 912 927 930 938 950 951 955 956 957 967 968 979 986
11 34 54 133 184 245 259 352 435 485 505 519 535 564 644 737 751 780 782 819 867 883 890 940 996#11 34 54 133 184 245 259 352 435 485 505 519 535 564 644 737 751 780 782 819 867 883 890 940 996
5 73 103 127 203 228 410 411 437 438 472 504 560 598 606 615 626 628 653 656 662 700 709 864 899#5 73 103 127 203 228 410 411 437 438 472 504 560 598 606 615 626 628 653 656 662 700 709 864 899
16 65 108 141 310 321 340 356 382 418 448 463 476 500 562 647 760 788 833 882 903 924 932 948 988#16 65 108 141 310 321 340 356 382 418 448 463 476 500 562 647 760 788 833 882 903 924 932 948 988
19 40 72 74 131 162 206 214 215 241 278 312 374 388 430 439 506 529 624 693 726 730 759 767 809#19 40 72 74 131 162 206 214 215 241 278 312 374 388 430 439 506 529 624 693 726 730 759 767 809
41 144 198 211 291 303 315 390 394 412 443 538 579 629 670 735 779 814 842 849 856 911 917 945 964#41 144 198 211 291 303 315 390 394 412 443 538 579 629 670 735 779 814 842 849 856 911 917 945 964
1 14 82 189 199 230 304 331 370 407 484 502 503 546 587 669 690 744 774 804 848 855 891 937 1000#1 14 82 189 199 230 304 331 370 407 484 502 503 546 587 669 690 744 774 804 848 855 891 937 1000
1 2 3 4 5 6 7 8 9 10 11 12 13 14 15 16 17 18 19 20 21 22 23 24 25 26 27 28 29 30 31 32 33 34 35 36 37 38 39 40 41 42 43 44 45 46 47 48 49 50 51 52 53 54 55 56 57 58 59 60 61 62 63 64 65 66 67 68 69 70 71 72 73 74 75 76 77 78 79 80 81 82 83 84 85 86 87 88 89 90 91 92 93 94 95 96 97 98 99 100 101 102 103 104 105 106 107 108 109 110 111 112 113 114 115 116 117 118 119 120 121 122 123 124 125 126 127 128 129 130 131 132 133 134 135 136 137 138 139 140 141 142 143 144 145 146 147 148 149 150 151 152 153 154 155 156 157 158 159 160 161 162 163 164 165 166 167 168 169 170 171 172 173 174 175 176 177 178 179 180 181 182 183 184 185 186 187 188 189 190 191 192 193 194 195 196 197 198 199 200 201 202 203 204 205 206 207 208 209 210 211 212 213 214 215 216 217 218 219 220 221 222 223 224 225 226 227 228 229 230 231 232 233 234 235 236 237 238 239 240 241 242 243 244 245 246 247 248 249 250 251 252 253 254 255 256 257 258 259 260 261 262 263 264 265 266 267 268 269 270 271 272 273 274 275 276 277 278 279 280 281 282 283 284 285 286 287 288 289 290 291 292 293 294 295 296 297 298 299 300 301 302 303 304 305 306 307 308 309 310 311 312 313 314 315 316 317 318 319 320 321 322 323 324 325 326 327 328 329 330 331 332 333 334 335 336 337 338 339 340 341 342 343 344 345 346 347 348 349 350 351 352 353 354 355 356 357 358 359 360 361 362 363 364 365 366 367 368 369 370 371 372 373 374 375 376 377 378 379 380 381 382 383 384 385 386 387 388 389 390 391 392 393 394 395 396 397 398 399 400 401 402 403 404 405 406 407 408 409 410 411 412 413 414 415 416 417 418 419 420 421 422 423 424 425 426 427 428 429 430 431 432 433 434 435 436 437 438 439 440 441 442 443 444 445 446 447 448 449 450 451 452 453 454 455 456 457 458 459 460 461 462 463 464 465 466 467 468 469 470 471 472 473 474 475 476 477 478 479 480 481 482 483 484 485 486 487 488 489 490 491 492 493 494 495 496 497 498 499 500 501 502 503 504 505 506 507 508 509 510 511 512 513 514 515 516 517 518 519 520 521 522 523 524 525 526 527 528 529 530 531 532 533 534 535 536 537 538 539 540 541 542 543 544 545 546 547 548 549 550 551 552 553 554 555 556 557 558 559 560 561 562 563 564 565 566 567 568 569 570 571 572 573 574 575 576 577 578 579 580 581 582 583 584 585 586 587 588 589 590 591 592 593 594 595 596 597 598 599 600 601 602 603 604 605 606 607 608 609 610 611 612 613 614 615 616 617 618 619 620 621 622 623 624 625 626 627 628 629 630 631 632 633 634 635 636 637 638 639 640 641 642 643 644 645 646 647 648 649 650 651 652 653 654 655 656 657 658 659 660 661 662 663 664 665 666 667 668 669 670 671 672 673 674 675 676 677 678 679 680 681 682 683 684 685 686 687 688 689 690 691 692 693 694 695 696 697 698 699 700 701 702 703 704 705 706 707 708 709 710 711 712 713 714 715 716 717 718 719 720 721 722 723 724 725 726 727 728 729 730 731 732 733 734 735 736 737 738 739 740 741 742 743 744 745 746 747 748 749 750 751 752 753 754 755 756 757 758 759 760 761 762 763 764 765 766 767 768 769 770 771 772 773 774 775 776 777 778 779 780 781 782 783 784 785 786 787 788 789 790 791 792 793 794 795 796 797 798 799 800 801 802 803 804 805 806 807 808 809 810 811 812 813 814 815 816 817 818 819 820 821 822 823 824 825 826 827 828 829 830 831 832 833 834 835 836 837 838 839 840 841 842 843 844 845 846 847 848 849 850 851 852 853 854 855 856 857 858 859 860 861 862 863 864 865 866 867 868 869 870 871 872 873 874 875 876 877 878 879 880 881 882 883 884 885 886 887 888 889 890 891 892 893 894 895 896 897 898 899 900 901 902 903 904 905 906 907 908 909 910 911 912 913 914 915 916 917 918 919 920 921 922 923 924 925 926 927 928 929 930 931 932 933 934 935 936 937 938 939 940 941 942 943 944 945 946 947 948 949 950 951 952 953 954 955 956 957 958 959 960 961 962 963 964 965 966 967 968 969 970 971 972 973 974 975 976 977 978 979 980 981 982 983 984 985 986 987 988 989 990 991 992 993 994 995 996 997 998 999 1000#
#1 2 3 4 5 6 7 8 9 10 11 12 13 14 15 16 17 18 19 20 21 22 23 24 25 26 27 28 29 30 31 32 33 34 35 36 37 38 39 40 41 42 43 44 45 46 47 48 49 50 51 52 53 54 55 56 57 58 59 60 61 62 63 64 65 66 67 68 69 70 71 72 73 74 75 76 77 78 79 80 81 82 83 84 85 86 87 88 89 90 91 92 93 94 95 96 97 98 99 100 101 102 103 104 105 106 107 108 109 110 111 112 113 114 115 116 117 118 119 120 121 122 123 124 125 126 127 128 129 130 131 132 133 134 135 136 137 138 139 140 141 142 143 144 145 146 147 148 149 150 151 152 153 154 155 156 157 158 159 160 161 162 163 164 165 166 167 168 169 170 171 172 173 174 175 176 177 178 179 180 181 182 183 184 185 186 187 188 189 190 191 192 193 194 195 196 197 198 199 200 201 202 203 204 205 206 207 208 209 210 211 212 213 214 215 216 217 218 219 220 221 222 223 224 225 226 227 228 229 230 231 232 233 234 235 236 237 238 239 240 241 242 243 244 245 246 247 248 249 250 251 252 253 254 255 256 257 258 259 260 261 262 263 264 265 266 267 268 269 270 271 272 273 274 275 276 277 278 279 280 281 282 283 284 285 286 287 288 289 290 291 292 293 294 295 296 297 298 299 300 301 302 303 304 305 306 307 308 309 310 311 312 313 314 315 316 317 318 319 320 321 322 323 324 325 326 327 328 329 330 331 332 333 334 335 336 337 338 339 340 341 342 343 344 345 346 347 348 349 350 351 352 353 354 355 356 357 358 359 360 361 362 363 364 365 366 367 368 369 370 371 372 373 374 375 376 377 378 379 380 381 382 383 384 385 386 387 388 389 390 391 392 393 394 395 396 397 398 399 400 401 402 403 404 405 406 407 408 409 410 411 412 413 414 415 416 417 418 419 420 421 422 423 424 425 426 427 428 429 430 431 432 433 434 435 436 437 438 439 440 441 442 443 444 445 446 447 448 449 450 451 452 453 454 455 456 457 458 459 460 461 462 463 464 465 466 467 468 469 470 471 472 473 474 475 476 477 478 479 480 481 482 483 484 485 486 487 488 489 490 491 492 493 494 495 496 497 498 499 500 501 502 503 504 505 506 507 508 509 510 511 512 513 514 515 516 517 518 519 520 521 522 523 524 525 526 527 528 529 530 531 532 533 534 535 536 537 538 539 540 541 542 543 544 545 546 547 548 549 550 551 552 553 554 555 556 557 558 559 560 561 562 563 564 565 566 567 568 569 570 571 572 573 574 575 576 577 578 579 580 581 582 583 584 585 586 587 588 589 590 591 592 593 594 595 596 597 598 599 600 601 602 603 604 605 606 607 608 609 610 611 612 613 614 615 616 617 618 619 620 621 622 623 624 625 626 627 628 629 630 631 632 633 634 635 636 637 638 639 640 641 642 643 644 645 646 647 648 649 650 651 652 653 654 655 656 657 658 659 660 661 662 663 664 665 666 667 668 669 670 671 672 673 674 675 676 677 678 679 680 681 682 683 684 685 686 687 688 689 690 691 692 693 694 695 696 697 698 699 700 701 702 703 704 705 706 707 708 709 710 711 712 713 714 715 716 717 718 719 720 721 722 723 724 725 726 727 728 729 730 731 732 733 734 735 736 737 738 739 740 741 742 743 744 745 746 747 748 749 750 751 752 753 754 755 756 757 758 759 760 761 762 763 764 765 766 767 768 769 770 771 772 773 774 775 776 777 778 779 780 781 782 783 784 785 786 787 788 789 790 791 792 793 794 795 796 797 798 799 800 801 802 803 804 805 806 807 808 809 810 811 812 813 814 815 816 817 818 819 820 821 822 823 824 825 826 827 828 829 830 831 832 833 834 835 836 837 838 839 840 841 842 843 844 845 846 847 848 849 850 851 852 853 854 855 856 857 858 859 860 861 862 863 864 865 866 867 868 869 870 871 872 873 874 875 876 877 878 879 880 881 882 883 884 885 886 887 888 889 890 891 892 893 894 895 896 897 898 899 900 901 902 903 904 905 906 907 908 909 910 911 912 913 914 915 916 917 918 919 920 921 922 923 924 925 926 927 928 929 930 931 932 933 934 935 936 937 938 939 940 941 942 943 944 945 946 947 948 949 950 951 952 953 954 955 956 957 958 959 960 961 962 963 964 965 966 967 968 969 970 971 972 973 974 975 976 977 978 979 980 981 982 983 984 985 986 987 988 989 990 991 992 993 994 995 996 997 998 999 1000
