3 4 15 23 32 38 44 54 84 98 114 125 128 163 166 168 171 174 176 179 189 195 197 224 229 234 254 273 275 292 299 300 306 307 318 320 335 337 342 356 362 367 387 456 470 474 485 502 520 546 548 564 570 580 584 587 609 617 620 628 629 634 639 643 660 667 676 679 683 717 720 722 726 749 750 756 757 768 771 774 781 793 806 812 816 844 845 847 864 878 895 917 936 946 949 952 966 974 984 997#3 4 15 23 32 38 44 54 84 98 114 125 128 163 166 168 171 174 176 179 189 195 197 224 229 234 254 273 275 292 299 300 306 307 318 320 335 337 342 356 362 367 387 456 470 474 485 502 520 546 548 564 570 580 584 587 609 617 620 628 629 634 639 643 660 667 676 679 683 717 720 722 726 749 750 756 757 768 771 774 781 793 806 812 816 844 845 847 864 878 895 917 936 946 949 952 966 974 984 997
13 26 37 52 60 64 88 91 117 127 131 140 159 162 188 220 223 240 241 249 250 256 261 271 272 288 308 329 331 332 345 351 359 365 369 382 383 393 399 401 403 406 437 446 504 522 532 540 559 563 569 571 593 599 614 627 640 642 648 652 654 661 681 712 727 728 730 731 751 759 762 779 782 786 788 789 796 808 839 843 851 857 858 863 866 871 872 877 898 909 910 914 918 919 924 953 979 980 983 999#13 26 37 52 60 64 88 91 117 127 131 140 159 162 188 220 223 240 241 249 250 256 261 271 272 288 308 329 331 332 345 351 359 365 369 382 383 393 399 401 403 406 437 446 504 522 532 540 559 563 569 571 593 599 614 627 640 642 648 652 654 661 681 712 727 728 730 731 751 759 762 779 782 786 788 789 796 808 839 843 851 857 858 863 866 871 872 877 898 909 910 914 918 919 924 953 979 980 983 999
51 70 146 156 178 302 344 420 428 497 610 622 700 708 734 747 794 834 853 870 875 894 899 945 998#51 70 146 156 178 302 344 420 428 497 610 622 700 708 734 747 794 834 853 870 875 894 899 945 998
5 7 9 34 50 78 80 94 97 102 106 107 122 144 148 150 154 164 165 196 206 221 232 237 248 255 260 268 278 281 287 298 314 334 338 360 368 370 371 374 381 398 407 414 415 418 421 448 450 462 466 469 472 480 481 482 499 501 508 512 526 566 582 590 598 601 605 611 612 636 646 651 653 668 684 689 695 698 737 763 801 809 823 832 849 852 865 879 915 926 927 930 934 948 950 956 961 962 963 981#5 7 9 34 50 78 80 94 97 102 106 107 122 144 148 150 154 164 165 196 206 221 232 237 248 255 260 268 278 281 287 298 314 334 338 360 368 370 371 374 381 398 407 414 415 418 421 448 450 462 466 469 472 480 481 482 499 501 508 512 526 566 582 590 598 601 605 611 612 636 646 651 653 668 684 689 695 698 737 763 801 809 823 832 849 852 865 879 915 926 927 930 934 948 950 956 961 962 963 981
10 14 17 18 27 31 43 65 66 67 68 82 93 96 101 120 130 132 133 181 204 218 243 262 277 279 282 294 316 326 353 376 388 391 395 400 402 409 419 427 439 442 443 445 447 459 464 465 467 475 486 492 505 507 513 514 517 529 533 544 549 572 576 581 583 585 625 626 630 638 656 657 659 666 674 725 736 764 765 766 785 790 798 810 814 818 828 830 838 840 850 855 868 916 932 958 968 977 982 991#10 14 17 18 27 31 43 65 66 67 68 82 93 96 101 120 130 132 133 181 204 218 243 262 277 279 282 294 316 326 353 376 388 391 395 400 402 409 419 427 439 442 443 445 447 459 464 465 467 475 486 492 505 507 513 514 517 529 533 544 549 572 576 581 583 585 625 626 630 638 656 657 659 666 674 725 736 764 765 766 785 790 798 810 814 818 828 830 838 840 850 855 868 916 932 958 968 977 982 991
25 137 169 175 201 235 257 361 380 425 458 460 521 557 574 641 664 665 738 760 784 874 900 912 928#25 137 169 175 201 235 257 361 380 425 458 460 521 557 574 641 664 665 738 760 784 874 900 912 928
12 20 45 49 115 143 145 222 325 328 336 347 352 364 373 384 451 483 493 495 554 558 577 579 586 621 624 632 633 637 693 715 733 753 769 776 797 817 826 831 859 880 888 920 923 938 940 943 964 976#12 20 45 49 115 143 145 222 325 328 336 347 352 364 373 384 451 483 493 495 554 558 577 579 586 621 624 632 633 637 693 715 733 753 769 776 797 817 826 831 859 880 888 920 923 938 940 943 964 976
35 58 63 75 108 110 111 139 147 155 173 183 214 219 225 266 280 293 295 312 363 444 449 463 473 479 489 498 525 538 543 608 631 635 644 682 685 686 721 752 804 813 821 833 885 886 890 929 960 970#35 58 63 75 108 110 111 139 147 155 173 183 214 219 225 266 280 293 295 312 363 444 449 463 473 479 489 498 525 538 543 608 631 635 644 682 685 686 721 752 804 813 821 833 885 886 890 929 960 970
29 56 71 83 103 170 216 258 263 274 284 305 322 527 545 607 615 647 713 819 896 901 954 965 987#29 56 71 83 103 170 216 258 263 274 284 305 322 527 545 607 615 647 713 819 896 901 954 965 987
1 33 36 47 62 69 77 118 119 123 129 151 182 212 285 286 317 357 377 405 411 416 426 431 438 441 488 503 575 594 595 597 649 662 670 692 707 714 723 729 772 800 835 846 856 873 892 944 994 996#1 33 36 47 62 69 77 118 119 123 129 151 182 212 285 286 317 357 377 405 411 416 426 431 438 441 488 503 575 594 595 597 649 662 670 692 707 714 723 729 772 800 835 846 856 873 892 944 994 996
59 203 210 297 321 323 327 349 390 404 430 478 515 536 589 616 705 807 854 884 889 891 921 969 985#59 203 210 297 321 323 327 349 390 404 430 478 515 536 589 616 705 807 854 884 889 891 921 969 985
16 30 72 74 79 209 233 242 290 341 346 375 491 511 551 565 567 600 694 696 711 791 836 902 939#16 30 72 74 79 209 233 242 290 341 346 375 491 511 551 565 567 600 694 696 711 791 836 902 939
24 53 112 191 269 319 392 397 422 436 454 534 560 578 675 687 690 732 773 802 803 887 907 937 1000#24 53 112 191 269 319 392 397 422 436 454 534 560 578 675 687 690 732 773 802 803 887 907 937 1000
6 39 87 160 217 244 245 276 324 354 379 429 496 556 650 680 704 716 754 755 815 848 925 967 988#6 39 87 160 217 244 245 276 324 354 379 429 496 556 650 680 704 716 754 755 815 848 925 967 988
8 22 42 61 73 81 86 90 109 116 134 136 149 152 158 172 190 199 211 230 238 239 253 283 366 385 386 394 410 435 440 452 484 509 516 528 541 552 655 671 688 761 775 799 820 837 883 906 933 972#8 22 42 61 73 81 86 90 109 116 134 136 149 152 158 172 190 199 211 230 238 239 253 283 366 385 386 394 410 435 440 452 484 509 516 528 541 552 655 671 688 761 775 799 820 837 883 906 933 972
11 141 167 252 267 270 296 350 389 396 433 487 490 494 500 506 519 568 591 602 669 718 743 973 989#11 141 167 252 267 270 296 350 389 396 433 487 490 494 500 506 519 568 591 602 669 718 743 973 989
28 121 135 226 231 247 303 313 358 417 455 524 618 619 701 706 710 746 787 860 881 897 942 971 993#28 121 135 226 231 247 303 313 358 417 455 524 618 619 701 706 710 746 787 860 881 897 942 971 993
2 46 113 126 157 177 185 187 198 205 228 259 311 315 372 378 413 423 432 453 457 468 476 518 531 537 588 603 604 673 678 699 703 719 724 739 744 767 777 795 822 829 867 893 903 911 947 955 959 992#2 46 113 126 157 177 185 187 198 205 228 259 311 315 372 378 413 423 432 453 457 468 476 518 531 537 588 603 604 673 678 699 703 719 724 739 744 767 777 795 822 829 867 893 903 911 947 955 959 992
19 21 41 48 55 76 85 92 95 99 100 105 124 142 153 161 180 192 193 200 207 208 215 227 236 246 251 264 265 289 291 301 304 309 310 330 333 339 340 343 348 355 408 424 434 461 471 477 523 530 535 539 542 547 550 553 555 561 573 592 596 606 613 623 645 658 663 672 677 691 702 735 740 741 742 748 758 770 778 783 792 811 824 825 861 862 869 876 882 905 908 913 931 935 941 957 975 986 990 995#19 21 41 48 55 76 85 92 95 99 100 105 124 142 153 161 180 192 193 200 207 208 215 227 236 246 251 264 265 289 291 301 304 309 310 330 333 339 340 343 348 355 408 424 434 461 471 477 523 530 535 539 542 547 550 553 555 561 573 592 596 606 613 623 645 658 663 672 677 691 702 735 740 741 742 748 758 770 778 783 792 811 824 825 861 862 869 876 882 905 908 913 931 935 941 957 975 986 990 995
40 57 89 104 138 184 186 194 202 213 412 510 562 697 709 745 780 805 827 841 842 904 922 951 978#40 57 89 104 138 184 186 194 202 213 412 510 562 697 709 745 780 805 827 841 842 904 922 951 978
1 2 3 4 5 6 7 8 9 10 11 12 13 14 15 16 17 18 19 20 21 22 23 24 25 26 27 28 29 30 31 32 33 34 35 36 37 38 39 40 41 42 43 44 45 46 47 48 49 50 51 52 53 54 55 56 57 58 59 60 61 62 63 64 65 66 67 68 69 70 71 72 73 74 75 76 77 78 79 80 81 82 83 84 85 86 87 88 89 90 91 92 93 94 95 96 97 98 99 100 101 102 103 104 105 106 107 108 109 110 111 112 113 114 115 116 117 118 119 120 121 122 123 124 125 126 127 128 129 130 131 132 133 134 135 136 137 138 139 140 141 142 143 144 145 146 147 148 149 150 151 152 153 154 155 156 157 158 159 160 161 162 163 164 165 166 167 168 169 170 171 172 173 174 175 176 177 178 179 180 181 182 183 184 185 186 187 188 189 190 191 192 193 194 195 196 197 198 199 200 201 202 203 204 205 206 207 208 209 210 211 212 213 214 215 216 217 218 219 220 221 222 223 224 225 226 227 228 229 230 231 232 233 234 235 236 237 238 239 240 241 242 243 244 245 246 247 248 249 250 251 252 253 254 255 256 257 258 259 260 261 262 263 264 265 266 267 268 269 270 271 272 273 274 275 276 277 278 279 280 281 282 283 284 285 286 287 288 289 290 291 292 293 294 295 296 297 298 299 300 301 302 303 304 305 306 307 308 309 310 311 312 313 314 315 316 317 318 319 320 321 322 323 324 325 326 327 328 329 330 331 332 333 334 335 336 337 338 339 340 341 342 343 344 345 346 347 348 349 350 351 352 353 354 355 356 357 358 359 360 361 362 363 364 365 366 367 368 369 370 371 372 373 374 375 376 377 378 379 380 381 382 383 384 385 386 387 388 389 390 391 392 393 394 395 396 397 398 399 400 401 402 403 404 405 406 407 408 409 410 411 412 413 414 415 416 417 418 419 420 421 422 423 424 425 426 427 428 429 430 431 432 433 434 435 436 437 438 439 440 441 442 443 444 445 446 447 448 449 450 451 452 453 454 455 456 457 458 459 460 461 462 463 464 465 466 467 468 469 470 471 472 473 474 475 476 477 478 479 480 481 482 483 484 485 486 487 488 489 490 491 492 493 494 495 496 497 498 499 500 501 502 503 504 505 506 507 508 509 510 511 512 513 514 515 516 517 518 519 520 521 522 523 524 525 526 527 528 529 530 531 532 533 534 535 536 537 538 539 540 541 542 543 544 545 546 547 548 549 550 551 552 553 554 555 556 557 558 559 560 561 562 563 564 565 566 567 568 569 570 571 572 573 574 575 576 577 578 579 580 581 582 583 584 585 586 587 588 589 590 591 592 593 594 595 596 597 598 599 600 601 602 603 604 605 606 607 608 609 610 611 612 613 614 615 616 617 618 619 620 621 622 623 624 625 626 627 628 629 630 631 632 633 634 635 636 637 638 639 640 641 642 643 644 645 646 647 648 649 650 651 652 653 654 655 656 657 658 659 660 661 662 663 664 665 666 667 668 669 670 671 672 673 674 675 676 677 678 679 680 681 682 683 684 685 686 687 688 689 690 691 692 693 694 695 696 697 698 699 700 701 702 703 704 705 706 707 708 709 710 711 712 713 714 715 716 717 718 719 720 721 722 723 724 725 726 727 728 729 730 731 732 733 734 735 736 737 738 739 740 741 742 743 744 745 746 747 748 749 750 751 752 753 754 755 756 757 758 759 760 761 762 763 764 765 766 767 768 769 770 771 772 773 774 775 776 777 778 779 780 781 782 783 784 785 786 787 788 789 790 791 792 793 794 795 796 797 798 799 800 801 802 803 804 805 806 807 808 809 810 811 812 813 814 815 816 817 818 819 820 821 822 823 824 825 826 827 828 829 830 831 832 833 834 835 836 837 838 839 840 841 842 843 844 845 846 847 848 849 850 851 852 853 854 855 856 857 858 859 860 861 862 863 864 865 866 867 868 869 870 871 872 873 874 875 876 877 878 879 880 881 882 883 884 885 886 887 888 889 890 891 892 893 894 895 896 897 898 899 900 901 902 903 904 905 906 907 908 909 910 911 912 913 914 915 916 917 918 919 920 921 922 923 924 925 926 927 928 929 930 931 932 933 934 935 936 937 938 939 940 941 942 943 944 945 946 947 948 949 950 951 952 953 954 955 956 957 958 959 960 961 962 963 964 965 966 967 968 969 970 971 972 973 974 975 976 977 978 979 980 981 982 983 984 985 986 987 988 989 990 991 992 993 994 995 996 997 998 999 1000#
#1 2 3 4 5 6 7 8 9 10 11 12 13 14 15 16 17 18 19 20 21 22 23 24 25 26 27 28 29 30 31 32 33 34 35 36 37 38 39 40 41 42 43 44 45 46 47 48 49 50 51 52 53 54 55 56 57 58 59 60 61 62 63 64 65 66 67 68 69 70 71 72 73 74 75 76 77 78 79 80 81 82 83 84 85 86 87 88 89 90 91 92 93 94 95 96 97 98 99 100 101 102 103 104 105 106 107 108 109 110 111 112 113 114 115 116 117 118 119 120 121 122 123 124 125 126 127 128 129 130 131 132 133 134 135 136 137 138 139 140 141 142 143 144 145 146 147 148 149 150 151 152 153 154 155 156 157 158 159 160 161 162 163 164 165 166 167 168 169 170 171 172 173 174 175 176 177 178 179 180 181 182 183 184 185 186 187 188 189 190 191 192 193 194 195 196 197 198 199 200 201 202 203 204 205 206 207 208 209 210 211 212 213 214 215 216 217 218 219 220 221 222 223 224 225 226 227 228 229 230 231 232 233 234 235 236 237 238 239 240 241 242 243 244 245 246 247 248 249 250 251 252 253 254 255 256 257 258 259 260 261 262 263 264 265 266 267 268 269 270 271 272 273 274 275 276 277 278 279 280 281 282 283 284 285 286 287 288 289 290 291 292 293 294 295 296 297 298 299 300 301 302 303 304 305 306 307 308 309 310 311 312 313 314 315 316 317 318 319 320 321 322 323 324 325 326 327 328 329 330 331 332 333 334 335 336 337 338 339 340 341 342 343 344 345 346 347 348 349 350 351 352 353 354 355 356 357 358 359 360 361 362 363 364 365 366 367 368 369 370 371 372 373 374 375 376 377 378 379 380 381 382 383 384 385 386 387 388 389 390 391 392 393 394 395 396 397 398 399 400 401 402 403 404 405 406 407 408 409 410 411 412 413 414 415 416 417 418 419 420 421 422 423 424 425 426 427 428 429 430 431 432 433 434 435 436 437 438 439 440 441 442 443 444 445 446 447 448 449 450 451 452 453 454 455 456 457 458 459 460 461 462 463 464 465 466 467 468 469 470 471 472 473 474 475 476 477 478 479 480 481 482 483 484 485 486 487 488 489 490 491 492 493 494 495 496 497 498 499 500 501 502 503 504 505 506 507 508 509 510 511 512 513 514 515 516 517 518 519 520 521 522 523 524 525 526 527 528 529 530 531 532 533 534 535 536 537 538 539 540 541 542 543 544 545 546 547 548 549 550 551 552 553 554 555 556 557 558 559 560 561 562 563 564 565 566 567 568 569 570 571 572 573 574 575 576 577 578 579 580 581 582 583 584 585 586 587 588 589 590 591 592 593 594 595 596 597 598 599 600 601 602 603 604 605 606 607 608 609 610 611 612 613 614 615 616 617 618 619 620 621 622 623 624 625 626 627 628 629 630 631 632 633 634 635 636 637 638 639 640 641 642 643 644 645 646 647 648 649 650 651 652 653 654 655 656 657 658 659 660 661 662 663 664 665 666 667 668 669 670 671 672 673 674 675 676 677 678 679 680 681 682 683 684 685 686 687 688 689 690 691 692 693 694 695 696 697 698 699 700 701 702 703 704 705 706 707 708 709 710 711 712 713 714 715 716 717 718 719 720 721 722 723 724 725 726 727 728 729 730 731 732 733 734 735 736 737 738 739 740 741 742 743 744 745 746 747 748 749 750 751 752 753 754 755 756 757 758 759 760 761 762 763 764 765 766 767 768 769 770 771 772 773 774 775 776 777 778 779 780 781 782 783 784 785 786 787 788 789 790 791 792 793 794 795 796 797 798 799 800 801 802 803 804 805 806 807 808 809 810 811 812 813 814 815 816 817 818 819 820 821 822 823 824 825 826 827 828 829 830 831 832 833 834 835 836 837 838 839 840 841 842 843 844 845 846 847 848 849 850 851 852 853 854 855 856 857 858 859 860 861 862 863 864 865 866 867 868 869 870 871 872 873 874 875 876 877 878 879 880 881 882 883 884 885 886 887 888 889 890 891 892 893 894 895 896 897 898 899 900 901 902 903 904 905 906 907 908 909 910 911 912 913 914 915 916 917 918 919 920 921 922 923 924 925 926 927 928 929 930 931 932 933 934 935 936 937 938 939 940 941 942 943 944 945 946 947 948 949 950 951 952 953 954 955 956 957 958 959 960 961 962 963 964 965 966 967 968 969 970 971 972 973 974 975 976 977 978 979 980 981 982 983 984 985 986 987 988 989 990 991 992 993 994 995 996 997 998 999 1000
