56 69 116 127 177 233 319 354 384 386 412 429 549 551 597 618 654 708 734 747 816 818 908 964 992#56 69 116 127 177 233 319 354 384 386 412 429 549 551 597 618 654 708 734 747 816 818 908 964 992
70 87 95 156 157 161 215 260 271 296 351 397 455 477 489 572 629 659 675 690 706 911 927 946 965#70 87 95 156 157 161 215 260 271 296 351 397 455 477 489 572 629 659 675 690 706 911 927 946 965
38 48 66 282 365 394 415 426 544 548 598 630 637 667 700 716 737 752 788 792 805 808 889 956 993#38 48 66 282 365 394 415 426 544 548 598 630 637 667 700 716 737 752 788 792 805 808 889 956 993
14 20 26 29 45 49 61 62 74 76 83 105 111 126 135 142 148 184 187 193 198 203 204 210 224 241 243 264 265 272 286 288 294 298 303 304 330 340 358 360 379 380 381 385 399 433 439 450 462 467 468 480 485 487 488 508 513 526 535 590 591 603 623 628 638 639 647 650 671 678 699 726 732 753 760 773 791 794 796 797 819 822 824 834 839 840 851 854 856 873 886 905 916 932 957 958 968 977 991 997#14 20 26 29 45 49 61 62 74 76 83 105 111 126 135 142 148 184 187 193 198 203 204 210 224 241 243 264 265 272 286 288 294 298 303 304 330 340 358 360 379 380 381 385 399 433 439 450 462 467 468 480 485 487 488 508 513 526 535 590 591 603 623 628 638 639 647 650 671 678 699 726 732 753 760 773 791 794 796 797 819 822 824 834 839 840 851 854 856 873 886 905 916 932 957 958 968 977 991 997
54 77 82 236 276 278 349 391 401 460 502 527 576 613 616 641 665 713 717 730 826 872 913 935 938#54 77 82 236 276 278 349 391 401 460 502 527 576 613 616 641 665 713 717 730 826 872 913 935 938
65 73 94 99 139 150 152 162 176 178 194 195 206 257 269 279 299 396 425 445 449 458 475 537 542 547 560 579 584 593 653 657 677 682 688 697 703 738 759 765 778 798 853 867 891 899 901 920 950 974#65 73 94 99 139 150 152 162 176 178 194 195 206 257 269 279 299 396 425 445 449 458 475 537 542 547 560 579 584 593 653 657 677 682 688 697 703 738 759 765 778 798 853 867 891 899 901 920 950 974
2 8 9 17 24 27 35 36 51 60 104 106 107 130 131 136 158 163 164 171 185 190 192 196 220 229 248 341 342 348 363 411 417 419 428 435 438 444 465 470 474 479 484 495 500 511 533 539 543 556 569 586 589 600 609 612 617 621 632 661 663 686 687 691 693 695 720 721 725 740 750 754 766 774 775 782 783 787 789 804 807 823 829 835 846 852 875 881 910 918 928 951 954 959 963 967 979 984 986 987#2 8 9 17 24 27 35 36 51 60 104 106 107 130 131 136 158 163 164 171 185 190 192 196 220 229 248 341 342 348 363 411 417 419 428 435 438 444 465 470 474 479 484 495 500 511 533 539 543 556 569 586 589 600 609 612 617 621 632 661 663 686 687 691 693 695 720 721 725 740 750 754 766 774 775 782 783 787 789 804 807 823 829 835 846 852 875 881 910 918 928 951 954 959 963 967 979 984 986 987
124 199 295 300 301 320 336 366 390 402 521 557 652 724 727 733 785 863 866 925 943 949 953 971 972#124 199 295 300 301 320 336 366 390 402 521 557 652 724 727 733 785 863 866 925 943 949 953 971 972
42 52 58 81 84 109 125 144 145 149 160 175 188 191 205 223 246 343 372 451 456 459 483 505 512 534 536 566 574 595 606 662 685 696 714 728 751 763 772 777 806 841 862 885 887 893 919 948 998 1000#42 52 58 81 84 109 125 144 145 149 160 175 188 191 205 223 246 343 372 451 456 459 483 505 512 534 536 566 574 595 606 662 685 696 714 728 751 763 772 777 806 841 862 885 887 893 919 948 998 1000
15 16 23 43 46 53 75 86 88 93 108 117 121 137 154 167 174 179 209 225 226 232 239 240 245 259 263 275 285 287 289 308 309 310 326 329 339 347 350 353 367 369 374 377 387 388 389 400 410 421 423 424 442 453 457 482 507 530 538 550 552 559 582 592 631 645 681 694 698 715 719 722 731 735 739 761 781 795 799 802 813 833 838 855 860 876 882 890 906 912 921 922 933 940 941 955 961 973 976 989#15 16 23 43 46 53 75 86 88 93 108 117 121 137 154 167 174 179 209 225 226 232 239 240 245 259 263 275 285 287 289 308 309 310 326 329 339 347 350 353 367 369 374 377 387 388 389 400 410 421 423 424 442 453 457 482 507 530 538 550 552 559 582 592 631 645 681 694 698 715 719 722 731 735 739 761 781 795 799 802 813 833 838 855 860 876 882 890 906 912 921 922 933 940 941 955 961 973 976 989
1 4 7 22 89 92 96 113 122 128 155 181 261 268 307 345 356 368 392 398 405 406 446 490 514 529 532 563 575 577 596 640 658 689 692 705 718 745 749 770 776 801 814 827 843 845 902 917 960 975#1 4 7 22 89 92 96 113 122 128 155 181 261 268 307 345 356 368 392 398 405 406 446 490 514 529 532 563 575 577 596 640 658 689 692 705 718 745 749 770 776 801 814 827 843 845 902 917 960 975
18 21 25 80 97 98 114 153 186 222 258 274 315 316 327 328 357 362 370 407 413 447 452 454 478 496 504 506 515 528 558 570 580 585 649 651 668 672 676 742 803 817 836 869 880 931 945 952 962 990#18 21 25 80 97 98 114 153 186 222 258 274 315 316 327 328 357 362 370 407 413 447 452 454 478 496 504 506 515 528 558 570 580 585 649 651 668 672 676 742 803 817 836 869 880 931 945 952 962 990
159 169 189 250 256 283 291 337 346 416 443 497 499 509 561 679 704 784 786 837 842 847 934 970 981#159 169 189 250 256 283 291 337 346 416 443 497 499 509 561 679 704 784 786 837 842 847 934 970 981
67 72 91 112 168 170 202 219 247 284 313 338 359 375 378 404 414 418 436 440 466 519 540 555 564 565 587 588 608 611 614 619 626 660 710 712 741 768 811 820 825 828 831 858 868 870 879 915 926 930#67 72 91 112 168 170 202 219 247 284 313 338 359 375 378 404 414 418 436 440 466 519 540 555 564 565 587 588 608 611 614 619 626 660 710 712 741 768 811 820 825 828 831 858 868 870 879 915 926 930
5 11 30 31 33 41 50 55 57 59 63 68 78 85 102 103 115 129 133 143 147 165 180 201 207 211 217 227 228 234 252 253 255 266 277 297 306 311 312 317 321 322 324 331 334 373 376 382 383 395 408 422 431 434 437 464 471 486 494 498 501 510 518 520 522 523 546 568 571 583 594 605 633 635 644 648 669 680 684 736 746 762 767 771 809 812 815 830 832 871 877 894 895 900 914 923 978 980 982 983#5 11 30 31 33 41 50 55 57 59 63 68 78 85 102 103 115 129 133 143 147 165 180 201 207 211 217 227 228 234 252 253 255 266 277 297 306 311 312 317 321 322 324 331 334 373 376 382 383 395 408 422 431 434 437 464 471 486 494 498 501 510 518 520 522 523 546 568 571 583 594 605 633 635 644 648 669 680 684 736 746 762 767 771 809 812 815 830 832 871 877 894 895 900 914 923 978 980 982 983
6 13 34 37 39 40 71 79 90 101 110 118 123 138 151 182 197 208 213 214 218 231 235 249 251 254 273 280 281 290 293 302 323 325 332 333 352 361 364 371 403 409 441 448 461 469 472 476 481 493 503 517 524 541 553 554 562 567 573 578 602 604 607 610 620 622 625 634 655 656 664 670 673 707 709 729 743 748 755 756 757 764 790 793 810 821 844 850 857 861 878 883 898 924 929 936 942 988 995 996#6 13 34 37 39 40 71 79 90 101 110 118 123 138 151 182 197 208 213 214 218 231 235 249 251 254 273 280 281 290 293 302 323 325 332 333 352 361 364 371 403 409 441 448 461 469 472 476 481 493 503 517 524 541 553 554 562 567 573 578 602 604 607 610 620 622 625 634 655 656 664 670 673 707 709 729 743 748 755 756 757 764 790 793 810 821 844 850 857 861 878 883 898 924 929 936 942 988 995 996
19 28 32 119 120 134 141 200 314 344 427 430 531 615 627 636 701 779 780 800 859 874 909 944 999#19 28 32 119 120 134 141 200 314 344 427 430 531 615 627 636 701 779 780 800 859 874 909 944 999
44 132 216 221 242 244 270 305 318 420 432 473 516 545 599 642 666 711 848 892 896 903 937 939 966#44 132 216 221 242 244 270 305 318 420 432 473 516 545 599 642 666 711 848 892 896 903 937 939 966
12 64 237 238 262 292 335 393 463 491 492 624 643 683 744 849 864 865 888 904 907 947 969 985 994#12 64 237 238 262 292 335 393 463 491 492 624 643 683 744 849 864 865 888 904 907 947 969 985 994
3 10 47 100 140 146 166 172 173 183 212 230 267 355 525 581 601 646 674 702 723 758 769 884 897#3 10 47 100 140 146 166 172 173 183 212 230 267 355 525 581 601 646 674 702 723 758 769 884 897
1 2 3 4 5 6 7 8 9 10 11 12 13 14 15 16 17 18 19 20 21 22 23 24 25 26 27 28 29 30 31 32 33 34 35 36 37 38 39 40 41 42 43 44 45 46 47 48 49 50 51 52 53 54 55 56 57 58 59 60 61 62 63 64 65 66 67 68 69 70 71 72 73 74 75 76 77 78 79 80 81 82 83 84 85 86 87 88 89 90 91 92 93 94 95 96 97 98 99 100 101 102 103 104 105 106 107 108 109 110 111 112 113 114 115 116 117 118 119 120 121 122 123 124 125 126 127 128 129 130 131 132 133 134 135 136 137 138 139 140 141 142 143 144 145 146 147 148 149 150 151 152 153 154 155 156 157 158 159 160 161 162 163 164 165 166 167 168 169 170 171 172 173 174 175 176 177 178 179 180 181 182 183 184 185 186 187 188 189 190 191 192 193 194 195 196 197 198 199 200 201 202 203 204 205 206 207 208 209 210 211 212 213 214 215 216 217 218 219 220 221 222 223 224 225 226 227 228 229 230 231 232 233 234 235 236 237 238 239 240 241 242 243 244 245 246 247 248 249 250 251 252 253 254 255 256 257 258 259 260 261 262 263 264 265 266 267 268 269 270 271 272 273 274 275 276 277 278 279 280 281 282 283 284 285 286 287 288 289 290 291 292 293 294 295 296 297 298 299 300 301 302 303 304 305 306 307 308 309 310 311 312 313 314 315 316 317 318 319 320 321 322 323 324 325 326 327 328 329 330 331 332 333 334 335 336 337 338 339 340 341 342 343 344 345 346 347 348 349 350 351 352 353 354 355 356 357 358 359 360 361 362 363 364 365 366 367 368 369 370 371 372 373 374 375 376 377 378 379 380 381 382 383 384 385 386 387 388 389 390 391 392 393 394 395 396 397 398 399 400 401 402 403 404 405 406 407 408 409 410 411 412 413 414 415 416 417 418 419 420 421 422 423 424 425 426 427 428 429 430 431 432 433 434 435 436 437 438 439 440 441 442 443 444 445 446 447 448 449 450 451 452 453 454 455 456 457 458 459 460 461 462 463 464 465 466 467 468 469 470 471 472 473 474 475 476 477 478 479 480 481 482 483 484 485 486 487 488 489 490 491 492 493 494 495 496 497 498 499 500 501 502 503 504 505 506 507 508 509 510 511 512 513 514 515 516 517 518 519 520 521 522 523 524 525 526 527 528 529 530 531 532 533 534 535 536 537 538 539 540 541 542 543 544 545 546 547 548 549 550 551 552 553 554 555 556 557 558 559 560 561 562 563 564 565 566 567 568 569 570 571 572 573 574 575 576 577 578 579 580 581 582 583 584 585 586 587 588 589 590 591 592 593 594 595 596 597 598 599 600 601 602 603 604 605 606 607 608 609 610 611 612 613 614 615 616 617 618 619 620 621 622 623 624 625 626 627 628 629 630 631 632 633 634 635 636 637 638 639 640 641 642 643 644 645 646 647 648 649 650 651 652 653 654 655 656 657 658 659 660 661 662 663 664 665 666 667 668 669 670 671 672 673 674 675 676 677 678 679 680 681 682 683 684 685 686 687 688 689 690 691 692 693 694 695 696 697 698 699 700 701 702 703 704 705 706 707 708 709 710 711 712 713 714 715 716 717 718 719 720 721 722 723 724 725 726 727 728 729 730 731 732 733 734 735 736 737 738 739 740 741 742 743 744 745 746 747 748 749 750 751 752 753 754 755 756 757 758 759 760 761 762 763 764 765 766 767 768 769 770 771 772 773 774 775 776 777 778 779 780 781 782 783 784 785 786 787 788 789 790 791 792 793 794 795 796 797 798 799 800 801 802 803 804 805 806 807 808 809 810 811 812 813 814 815 816 817 818 819 820 821 822 823 824 825 826 827 828 829 830 831 832 833 834 835 836 837 838 839 840 841 842 843 844 845 846 847 848 849 850 851 852 853 854 855 856 857 858 859 860 861 862 863 864 865 866 867 868 869 870 871 872 873 874 875 876 877 878 879 880 881 882 883 884 885 886 887 888 889 890 891 892 893 894 895 896 897 898 899 900 901 902 903 904 905 906 907 908 909 910 911 912 913 914 915 916 917 918 919 920 921 922 923 924 925 926 927 928 929 930 931 932 933 934 935 936 937 938 939 940 941 942 943 944 945 946 947 948 949 950 951 952 953 954 955 956 957 958 959 960 961 962 963 964 965 966 967 968 969 970 971 972 973 974 975 976 977 978 979 980 981 982 983 984 985 986 987 988 989 990 991 992 993 994 995 996 997 998 999 1000#
#1 2 3 4 5 6 7 8 9 10 11 12 13 14 15 16 17 18 19 20 21 22 23 24 25 26 27 28 29 30 31 32 33 34 35 36 37 38 39 40 41 42 43 44 45 46 47 48 49 50 51 52 53 54 55 56 57 58 59 60 61 62 63 64 65 66 67 68 69 70 71 72 73 74 75 76 77 78 79 80 81 82 83 84 85 86 87 88 89 90 91 92 93 94 95 96 97 98 99 100 101 102 103 104 105 106 107 108 109 110 111 112 113 114 115 116 117 118 119 120 121 122 123 124 125 126 127 128 129 130 131 132 133 134 135 136 137 138 139 140 141 142 143 144 145 146 147 148 149 150 151 152 153 154 155 156 157 158 159 160 161 162 163 164 165 166 167 168 169 170 171 172 173 174 175 176 177 178 179 180 181 182 183 184 185 186 187 188 189 190 191 192 193 194 195 196 197 198 199 200 201 202 203 204 205 206 207 208 209 210 211 212 213 214 215 216 217 218 219 220 221 222 223 224 225 226 227 228 229 230 231 232 233 234 235 236 237 238 239 240 241 242 243 244 245 246 247 248 249 250 251 252 253 254 255 256 257 258 259 260 261 262 263 264 265 266 267 268 269 270 271 272 273 274 275 276 277 278 279 280 281 282 283 284 285 286 287 288 289 290 291 292 293 294 295 296 297 298 299 300 301 302 303 304 305 306 307 308 309 310 311 312 313 314 315 316 317 318 319 320 321 322 323 324 325 326 327 328 329 330 331 332 333 334 335 336 337 338 339 340 341 342 343 344 345 346 347 348 349 350 351 352 353 354 355 356 357 358 359 360 361 362 363 364 365 366 367 368 369 370 371 372 373 374 375 376 377 378 379 380 381 382 383 384 385 386 387 388 389 390 391 392 393 394 395 396 397 398 399 400 401 402 403 404 405 406 407 408 409 410 411 412 413 414 415 416 417 418 419 420 421 422 423 424 425 426 427 428 429 430 431 432 433 434 435 436 437 438 439 440 441 442 443 444 445 446 447 448 449 450 451 452 453 454 455 456 457 458 459 460 461 462 463 464 465 466 467 468 469 470 471 472 473 474 475 476 477 478 479 480 481 482 483 484 485 486 487 488 489 490 491 492 493 494 495 496 497 498 499 500 501 502 503 504 505 506 507 508 509 510 511 512 513 514 515 516 517 518 519 520 521 522 523 524 525 526 527 528 529 530 531 532 533 534 535 536 537 538 539 540 541 542 543 544 545 546 547 548 549 550 551 552 553 554 555 556 557 558 559 560 561 562 563 564 565 566 567 568 569 570 571 572 573 574 575 576 577 578 579 580 581 582 583 584 585 586 587 588 589 590 591 592 593 594 595 596 597 598 599 600 601 602 603 604 605 606 607 608 609 610 611 612 613 614 615 616 617 618 619 620 621 622 623 624 625 626 627 628 629 630 631 632 633 634 635 636 637 638 639 640 641 642 643 644 645 646 647 648 649 650 651 652 653 654 655 656 657 658 659 660 661 662 663 664 665 666 667 668 669 670 671 672 673 674 675 676 677 678 679 680 681 682 683 684 685 686 687 688 689 690 691 692 693 694 695 696 697 698 699 700 701 702 703 704 705 706 707 708 709 710 711 712 713 714 715 716 717 718 719 720 721 722 723 724 725 726 727 728 729 730 731 732 733 734 735 736 737 738 739 740 741 742 743 744 745 746 747 748 749 750 751 752 753 754 755 756 757 758 759 760 761 762 763 764 765 766 767 768 769 770 771 772 773 774 775 776 777 778 779 780 781 782 783 784 785 786 787 788 789 790 791 792 793 794 795 796 797 798 799 800 801 802 803 804 805 806 807 808 809 810 811 812 813 814 815 816 817 818 819 820 821 822 823 824 825 826 827 828 829 830 831 832 833 834 835 836 837 838 839 840 841 842 843 844 845 846 847 848 849 850 851 852 853 854 855 856 857 858 859 860 861 862 863 864 865 866 867 868 869 870 871 872 873 874 875 876 877 878 879 880 881 882 883 884 885 886 887 888 889 890 891 892 893 894 895 896 897 898 899 900 901 902 903 904 905 906 907 908 909 910 911 912 913 914 915 916 917 918 919 920 921 922 923 924 925 926 927 928 929 930 931 932 933 934 935 936 937 938 939 940 941 942 943 944 945 946 947 948 949 950 951 952 953 954 955 956 957 958 959 960 961 962 963 964 965 966 967 968 969 970 971 972 973 974 975 976 977 978 979 980 981 982 983 984 985 986 987 988 989 990 991 992 993 994 995 996 997 998 999 1000
