41 79 109 224 236 269 305 367 421 461 472 511 543 589 599 653 667 672 754 792 813 827 830 833 907#41 79 109 224 236 269 305 367 421 461 472 511 543 589 599 653 667 672 754 792 813 827 830 833 907
11 34 64 98 101 116 123 215 216 219 233 244 260 278 279 283 294 314 319 334 346 347 355 388 394 427 497 503 505 539 562 590 702 720 759 770 785 796 797 810 815 818 832 868 887 891 928 934 952 963#11 34 64 98 101 116 123 215 216 219 233 244 260 278 279 283 294 314 319 334 346 347 355 388 394 427 497 503 505 539 562 590 702 720 759 770 785 796 797 810 815 818 832 868 887 891 928 934 952 963
18 22 106 127 133 199 239 265 287 306 341 384 410 418 436 468 520 523 643 715 718 736 778 809 836#18 22 106 127 133 199 239 265 287 306 341 384 410 418 436 468 520 523 643 715 718 736 778 809 836
1 4 8 15 23 31 35 56 69 72 77 95 96 124 131 141 147 154 155 171 175 182 184 194 203 212 226 254 255 271 274 282 297 299 311 317 331 340 351 357 370 371 372 391 398 399 403 411 432 435 465 515 516 518 524 535 542 557 560 568 582 598 607 612 636 641 642 646 651 690 692 712 721 726 740 749 757 767 771 772 775 794 798 799 800 816 817 826 871 876 885 895 910 914 937 948 949 953 982 991#1 4 8 15 23 31 35 56 69 72 77 95 96 124 131 141 147 154 155 171 175 182 184 194 203 212 226 254 255 271 274 282 297 299 311 317 331 340 351 357 370 371 372 391 398 399 403 411 432 435 465 515 516 518 524 535 542 557 560 568 582 598 607 612 636 641 642 646 651 690 692 712 721 726 740 749 757 767 771 772 775 794 798 799 800 816 817 826 871 876 885 895 910 914 937 948 949 953 982 991
52 70 114 237 374 414 529 531 546 632 655 696 707 731 732 750 755 802 848 927 946 954 955 975 983#52 70 114 237 374 414 529 531 546 632 655 696 707 731 732 750 755 802 848 927 946 954 955 975 983
2 6 12 26 30 51 67 74 83 102 113 122 129 139 168 173 178 188 240 247 267 277 280 293 298 304 308 318 330 333 342 362 373 377 380 393 404 409 415 425 447 450 453 454 467 470 477 482 484 487 493 528 532 538 540 544 555 572 588 594 610 613 621 625 626 627 629 654 660 662 665 680 682 683 686 703 710 719 725 737 758 769 787 793 821 829 850 857 866 874 917 919 923 926 931 941 951 957 959 985#2 6 12 26 30 51 67 74 83 102 113 122 129 139 168 173 178 188 240 247 267 277 280 293 298 304 308 318 330 333 342 362 373 377 380 393 404 409 415 425 447 450 453 454 467 470 477 482 484 487 493 528 532 538 540 544 555 572 588 594 610 613 621 625 626 627 629 654 660 662 665 680 682 683 686 703 710 719 725 737 758 769 787 793 821 829 850 857 866 874 917 919 923 926 931 941 951 957 959 985
7 89 94 160 166 206 238 241 268 270 273 396 412 444 634 638 640 678 734 766 776 879 921 980 988#7 89 94 160 166 206 238 241 268 270 273 396 412 444 634 638 640 678 734 766 776 879 921 980 988
24 25 29 42 76 111 149 172 220 245 248 288 303 316 327 328 329 338 389 400 433 466 496 499 514 526 541 550 565 606 615 658 666 685 711 713 783 847 870 884 897 911 915 936 938 958 970 977 981 989#24 25 29 42 76 111 149 172 220 245 248 288 303 316 327 328 329 338 389 400 433 466 496 499 514 526 541 550 565 606 615 658 666 685 711 713 783 847 870 884 897 911 915 936 938 958 970 977 981 989
53 55 57 65 87 97 143 156 167 190 231 258 261 264 284 291 301 307 320 324 343 345 353 358 379 386 464 473 501 548 558 574 620 624 677 684 689 709 716 730 744 748 804 849 858 904 924 964 968 998#53 55 57 65 87 97 143 156 167 190 231 258 261 264 284 291 301 307 320 324 343 345 353 358 379 386 464 473 501 548 558 574 620 624 677 684 689 709 716 730 744 748 804 849 858 904 924 964 968 998
28 61 62 75 90 104 126 137 159 246 310 323 326 335 350 390 448 492 494 508 519 521 561 569 579 585 608 623 631 652 674 687 695 698 700 706 722 727 738 779 803 814 822 844 906 916 939 944 979 986#28 61 62 75 90 104 126 137 159 246 310 323 326 335 350 390 448 492 494 508 519 521 561 569 579 585 608 623 631 652 674 687 695 698 700 706 722 727 738 779 803 814 822 844 906 916 939 944 979 986
19 80 99 108 121 163 196 208 211 227 250 266 325 349 376 405 452 506 536 614 751 824 835 940 1000#19 80 99 108 121 163 196 208 211 227 250 266 325 349 376 405 452 506 536 614 751 824 835 940 1000
3 5 49 92 153 354 361 387 440 513 534 564 573 577 584 597 616 619 645 688 845 861 893 894 972#3 5 49 92 153 354 361 387 440 513 534 564 573 577 584 597 616 619 645 688 845 861 893 894 972
32 39 43 46 54 93 103 105 118 119 128 134 135 145 151 158 164 181 185 186 187 195 197 198 201 204 205 213 243 249 251 289 292 302 322 344 352 356 360 375 392 408 423 438 449 458 475 478 481 485 512 537 545 551 556 566 567 580 591 595 609 618 622 633 649 650 657 659 661 673 693 694 701 714 733 752 774 789 795 823 828 840 851 855 882 883 886 888 889 890 892 900 935 942 966 973 974 987 990 993#32 39 43 46 54 93 103 105 118 119 128 134 135 145 151 158 164 181 185 186 187 195 197 198 201 204 205 213 243 249 251 289 292 302 322 344 352 356 360 375 392 408 423 438 449 458 475 478 481 485 512 537 545 551 556 566 567 580 591 595 609 618 622 633 649 650 657 659 661 673 693 694 701 714 733 752 774 789 795 823 828 840 851 855 882 883 886 888 889 890 892 900 935 942 966 973 974 987 990 993
58 130 152 170 177 221 262 300 337 364 366 424 430 699 762 864 902 909 912 930 932 945 950 956 984#58 130 152 170 177 221 262 300 337 364 366 424 430 699 762 864 902 909 912 930 932 945 950 956 984
40 63 82 115 162 218 230 296 369 383 406 455 462 469 491 559 656 668 760 831 856 881 901 943 960#40 63 82 115 162 218 230 296 369 383 406 455 462 469 491 559 656 668 760 831 856 881 901 943 960
9 10 20 21 37 66 73 88 112 125 136 138 140 142 148 150 157 174 176 183 214 228 257 259 276 285 286 309 315 336 363 365 378 381 397 407 416 419 422 437 439 445 451 474 479 495 502 504 507 509 517 525 527 549 563 583 593 602 603 617 639 644 647 664 671 675 697 708 728 729 735 742 745 746 756 761 765 768 773 784 786 805 807 820 825 842 843 846 852 863 877 896 899 913 947 965 971 976 994 996#9 10 20 21 37 66 73 88 112 125 136 138 140 142 148 150 157 174 176 183 214 228 257 259 276 285 286 309 315 336 363 365 378 381 397 407 416 419 422 437 439 445 451 474 479 495 502 504 507 509 517 525 527 549 563 583 593 602 603 617 639 644 647 664 671 675 697 708 728 729 735 742 745 746 756 761 765 768 773 784 786 805 807 820 825 842 843 846 852 863 877 896 899 913 947 965 971 976 994 996
17 27 33 36 44 47 48 50 59 68 78 85 86 91 107 117 120 144 169 179 180 189 202 207 209 210 217 222 223 242 256 272 275 281 290 312 321 332 359 368 385 402 426 428 441 442 457 463 490 522 533 552 571 575 576 578 581 586 592 604 648 663 669 670 676 679 681 723 724 741 743 763 777 780 781 782 788 790 801 806 812 841 854 865 867 869 873 878 880 905 908 918 922 925 929 933 967 978 995 999#17 27 33 36 44 47 48 50 59 68 78 85 86 91 107 117 120 144 169 179 180 189 202 207 209 210 217 222 223 242 256 272 275 281 290 312 321 332 359 368 385 402 426 428 441 442 457 463 490 522 533 552 571 575 576 578 581 586 592 604 648 663 669 670 676 679 681 723 724 741 743 763 777 780 781 782 788 790 801 806 812 841 854 865 867 869 873 878 880 905 908 918 922 925 929 933 967 978 995 999
13 14 60 100 132 191 193 225 229 235 401 431 446 471 600 605 691 705 717 791 811 837 872 969 992#13 14 60 100 132 191 193 225 229 235 401 431 446 471 600 605 691 705 717 791 811 837 872 969 992
45 71 200 234 348 395 420 429 434 443 460 483 486 553 596 601 628 637 739 747 764 819 859 898 920#45 71 200 234 348 395 420 429 434 443 460 483 486 553 596 601 628 637 739 747 764 819 859 898 920
16 38 81 84 110 146 161 165 192 232 252 253 263 295 313 339 382 413 417 456 459 476 480 488 489 498 500 510 530 547 554 570 587 611 630 635 704 753 808 834 838 839 853 860 862 875 903 961 962 997#16 38 81 84 110 146 161 165 192 232 252 253 263 295 313 339 382 413 417 456 459 476 480 488 489 498 500 510 530 547 554 570 587 611 630 635 704 753 808 834 838 839 853 860 862 875 903 961 962 997
1 2 3 4 5 6 7 8 9 10 11 12 13 14 15 16 17 18 19 20 21 22 23 24 25 26 27 28 29 30 31 32 33 34 35 36 37 38 39 40 41 42 43 44 45 46 47 48 49 50 51 52 53 54 55 56 57 58 59 60 61 62 63 64 65 66 67 68 69 70 71 72 73 74 75 76 77 78 79 80 81 82 83 84 85 86 87 88 89 90 91 92 93 94 95 96 97 98 99 100 101 102 103 104 105 106 107 108 109 110 111 112 113 114 115 116 117 118 119 120 121 122 123 124 125 126 127 128 129 130 131 132 133 134 135 136 137 138 139 140 141 142 143 144 145 146 147 148 149 150 151 152 153 154 155 156 157 158 159 160 161 162 163 164 165 166 167 168 169 170 171 172 173 174 175 176 177 178 179 180 181 182 183 184 185 186 187 188 189 190 191 192 193 194 195 196 197 198 199 200 201 202 203 204 205 206 207 208 209 210 211 212 213 214 215 216 217 218 219 220 221 222 223 224 225 226 227 228 229 230 231 232 233 234 235 236 237 238 239 240 241 242 243 244 245 246 247 248 249 250 251 252 253 254 255 256 257 258 259 260 261 262 263 264 265 266 267 268 269 270 271 272 273 274 275 276 277 278 279 280 281 282 283 284 285 286 287 288 289 290 291 292 293 294 295 296 297 298 299 300 301 302 303 304 305 306 307 308 309 310 311 312 313 314 315 316 317 318 319 320 321 322 323 324 325 326 327 328 329 330 331 332 333 334 335 336 337 338 339 340 341 342 343 344 345 346 347 348 349 350 351 352 353 354 355 356 357 358 359 360 361 362 363 364 365 366 367 368 369 370 371 372 373 374 375 376 377 378 379 380 381 382 383 384 385 386 387 388 389 390 391 392 393 394 395 396 397 398 399 400 401 402 403 404 405 406 407 408 409 410 411 412 413 414 415 416 417 418 419 420 421 422 423 424 425 426 427 428 429 430 431 432 433 434 435 436 437 438 439 440 441 442 443 444 445 446 447 448 449 450 451 452 453 454 455 456 457 458 459 460 461 462 463 464 465 466 467 468 469 470 471 472 473 474 475 476 477 478 479 480 481 482 483 484 485 486 487 488 489 490 491 492 493 494 495 496 497 498 499 500 501 502 503 504 505 506 507 508 509 510 511 512 513 514 515 516 517 518 519 520 521 522 523 524 525 526 527 528 529 530 531 532 533 534 535 536 537 538 539 540 541 542 543 544 545 546 547 548 549 550 551 552 553 554 555 556 557 558 559 560 561 562 563 564 565 566 567 568 569 570 571 572 573 574 575 576 577 578 579 580 581 582 583 584 585 586 587 588 589 590 591 592 593 594 595 596 597 598 599 600 601 602 603 604 605 606 607 608 609 610 611 612 613 614 615 616 617 618 619 620 621 622 623 624 625 626 627 628 629 630 631 632 633 634 635 636 637 638 639 640 641 642 643 644 645 646 647 648 649 650 651 652 653 654 655 656 657 658 659 660 661 662 663 664 665 666 667 668 669 670 671 672 673 674 675 676 677 678 679 680 681 682 683 684 685 686 687 688 689 690 691 692 693 694 695 696 697 698 699 700 701 702 703 704 705 706 707 708 709 710 711 712 713 714 715 716 717 718 719 720 721 722 723 724 725 726 727 728 729 730 731 732 733 734 735 736 737 738 739 740 741 742 743 744 745 746 747 748 749 750 751 752 753 754 755 756 757 758 759 760 761 762 763 764 765 766 767 768 769 770 771 772 773 774 775 776 777 778 779 780 781 782 783 784 785 786 787 788 789 790 791 792 793 794 795 796 797 798 799 800 801 802 803 804 805 806 807 808 809 810 811 812 813 814 815 816 817 818 819 820 821 822 823 824 825 826 827 828 829 830 831 832 833 834 835 836 837 838 839 840 841 842 843 844 845 846 847 848 849 850 851 852 853 854 855 856 857 858 859 860 861 862 863 864 865 866 867 868 869 870 871 872 873 874 875 876 877 878 879 880 881 882 883 884 885 886 887 888 889 890 891 892 893 894 895 896 897 898 899 900 901 902 903 904 905 906 907 908 909 910 911 912 913 914 915 916 917 918 919 920 921 922 923 924 925 926 927 928 929 930 931 932 933 934 935 936 937 938 939 940 941 942 943 944 945 946 947 948 949 950 951 952 953 954 955 956 957 958 959 960 961 962 963 964 965 966 967 968 969 970 971 972 973 974 975 976 977 978 979 980 981 982 983 984 985 986 987 988 989 990 991 992 993 994 995 996 997 998 999 1000#
#1 2 3 4 5 6 7 8 9 10 11 12 13 14 15 16 17 18 19 20 21 22 23 24 25 26 27 28 29 30 31 32 33 34 35 36 37 38 39 40 41 42 43 44 45 46 47 48 49 50 51 52 53 54 55 56 57 58 59 60 61 62 63 64 65 66 67 68 69 70 71 72 73 74 75 76 77 78 79 80 81 82 83 84 85 86 87 88 89 90 91 92 93 94 95 96 97 98 99 100 101 102 103 104 105 106 107 108 109 110 111 112 113 114 115 116 117 118 119 120 121 122 123 124 125 126 127 128 129 130 131 132 133 134 135 136 137 138 139 140 141 142 143 144 145 146 147 148 149 150 151 152 153 154 155 156 157 158 159 160 161 162 163 164 165 166 167 168 169 170 171 172 173 174 175 176 177 178 179 180 181 182 183 184 185 186 187 188 189 190 191 192 193 194 195 196 197 198 199 200 201 202 203 204 205 206 207 208 209 210 211 212 213 214 215 216 217 218 219 220 221 222 223 224 225 226 227 228 229 230 231 232 233 234 235 236 237 238 239 240 241 242 243 244 245 246 247 248 249 250 251 252 253 254 255 256 257 258 259 260 261 262 263 264 265 266 267 268 269 270 271 272 273 274 275 276 277 278 279 280 281 282 283 284 285 286 287 288 289 290 291 292 293 294 295 296 297 298 299 300 301 302 303 304 305 306 307 308 309 310 311 312 313 314 315 316 317 318 319 320 321 322 323 324 325 326 327 328 329 330 331 332 333 334 335 336 337 338 339 340 341 342 343 344 345 346 347 348 349 350 351 352 353 354 355 356 357 358 359 360 361 362 363 364 365 366 367 368 369 370 371 372 373 374 375 376 377 378 379 380 381 382 383 384 385 386 387 388 389 390 391 392 393 394 395 396 397 398 399 400 401 402 403 404 405 406 407 408 409 410 411 412 413 414 415 416 417 418 419 420 421 422 423 424 425 426 427 428 429 430 431 432 433 434 435 436 437 438 439 440 441 442 443 444 445 446 447 448 449 450 451 452 453 454 455 456 457 458 459 460 461 462 463 464 465 466 467 468 469 470 471 472 473 474 475 476 477 478 479 480 481 482 483 484 485 486 487 488 489 490 491 492 493 494 495 496 497 498 499 500 501 502 503 504 505 506 507 508 509 510 511 512 513 514 515 516 517 518 519 520 521 522 523 524 525 526 527 528 529 530 531 532 533 534 535 536 537 538 539 540 541 542 543 544 545 546 547 548 549 550 551 552 553 554 555 556 557 558 559 560 561 562 563 564 565 566 567 568 569 570 571 572 573 574 575 576 577 578 579 580 581 582 583 584 585 586 587 588 589 590 591 592 593 594 595 596 597 598 599 600 601 602 603 604 605 606 607 608 609 610 611 612 613 614 615 616 617 618 619 620 621 622 623 624 625 626 627 628 629 630 631 632 633 634 635 636 637 638 639 640 641 642 643 644 645 646 647 648 649 650 651 652 653 654 655 656 657 658 659 660 661 662 663 664 665 666 667 668 669 670 671 672 673 674 675 676 677 678 679 680 681 682 683 684 685 686 687 688 689 690 691 692 693 694 695 696 697 698 699 700 701 702 703 704 705 706 707 708 709 710 711 712 713 714 715 716 717 718 719 720 721 722 723 724 725 726 727 728 729 730 731 732 733 734 735 736 737 738 739 740 741 742 743 744 745 746 747 748 749 750 751 752 753 754 755 756 757 758 759 760 761 762 763 764 765 766 767 768 769 770 771 772 773 774 775 776 777 778 779 780 781 782 783 784 785 786 787 788 789 790 791 792 793 794 795 796 797 798 799 800 801 802 803 804 805 806 807 808 809 810 811 812 813 814 815 816 817 818 819 820 821 822 823 824 825 826 827 828 829 830 831 832 833 834 835 836 837 838 839 840 841 842 843 844 845 846 847 848 849 850 851 852 853 854 855 856 857 858 859 860 861 862 863 864 865 866 867 868 869 870 871 872 873 874 875 876 877 878 879 880 881 882 883 884 885 886 887 888 889 890 891 892 893 894 895 896 897 898 899 900 901 902 903 904 905 906 907 908 909 910 911 912 913 914 915 916 917 918 919 920 921 922 923 924 925 926 927 928 929 930 931 932 933 934 935 936 937 938 939 940 941 942 943 944 945 946 947 948 949 950 951 952 953 954 955 956 957 958 959 960 961 962 963 964 965 966 967 968 969 970 971 972 973 974 975 976 977 978 979 980 981 982 983 984 985 986 987 988 989 990 991 992 993 994 995 996 997 998 999 1000
