173 251 559 651 881#6 15 23 32 39 98 99 102 105 108 109 115 123 129 142 144 145 150 153 162 166 167 168 170 171 173 176 179 186 198 203 209 228 230 250 251 267 278 285 300 306 318 319 330 342 348 351 365 368 370 376 378 400 405 412 415 418 420 426 436 438 444 449 450 453 454 465 470 472 495 501 503 505 506 535 537 546 559 562 566 570 573 574 582 597 631 634 640 646 651 656 657 678 683 690 693 695 707 719 733 735 742 745 749 774 777 797 822 830 832 837 840 850 853 865 880 881 886 887 889
11 16 34 38 51 58 59 63 64 69 71 74 81 85 86 91 100 103 119 128 134 149 151 154 187 188 210 221 229 233 237 254 256 268 275 289 293 296 297 301 315 320 329 334 346 347 363 384 395 397 403 406 423 428 430 434 442 458 459 480 483 486 498 502 509 510 519 520 522 524 527 528 534 545 547 550 553 556 564 576 578 583 588 589 596 621 626 642 649 655 661 662 675 681 697 698 702 722 731 734 738 750 755 764 771 772 799 802 803 810 823 831 833 842 849 855 896 899 902 904#74 522 528 534 662
5 29 52 55 67 72 79 104 115 118 126 138 155 170 185 207 249 253 298 321 322 325 335 339 361 366 373 375 377 378 421 427 447 460 469 482 484 487 491 492 514 541 562 572 582 623 639 650 704 706 713 723 729 732 736 762 775 800 814 820 821 824 828 846 851 858 860 870 871 890#5 253 325 373 421
2 30 101 175 282 316 326 327 380 387 402 461 516 628 633 670 672 673 688 724 741 746 767 845 875#2 30 101 175 282 316 326 327 380 387 402 461 516 628 633 670 672 673 688 724 741 746 767 845 875
263 281 294 478 635#7 22 26 33 42 45 48 73 77 88 92 96 137 184 201 217 223 226 263 281 294 337 354 358 389 393 396 404 409 435 439 462 478 479 513 540 542 557 558 561 575 579 580 591 598 624 632 635 638 645 652 664 667 676 682 692 709 714 715 725 752 779 781 806 826 862 866 876 884 895
7 73 201 226 263 281 294 337 435 462 478 479 513 591 598 632 635 645 692 715 781 806 866 876 884#7 73 201 226 263 281 294 337 435 462 478 479 513 591 598 632 635 645 692 715 781 806 866 876 884
18 57 76 80 82 106 131 132 141 160 196 216 234 236 239 241 333 336 367 379 386 394 398 429 432 529 539 554 565 568 569 629 658 685 686 691 703 740 815 836 839 841 852 868 903#80 554 629 686 841
1 3 8 9 17 19 20 21 24 25 28 40 44 46 47 53 54 56 60 65 68 78 83 84 93 94 95 110 111 117 120 121 122 124 127 140 141 143 147 152 156 157 161 164 169 172 178 189 190 195 208 211 212 214 218 219 220 222 225 232 235 240 247 255 262 264 269 271 273 274 280 284 290 291 304 305 307 310 312 313 314 323 331 343 349 352 353 355 356 359 362 369 374 379 392 408 413 419 422 431 440 448 451 452 457 463 471 475 476 488 490 499 507 511 521 523 530 543 544 549 551 555 563 568 569 581 585 595 599 604 605 606 609 610 612 614 615 617 618 620 630 636 641 648 653 654 663 668 669 674 691 694 696 699 700 701 708 712 718 726 727 739 743 754 758 761 769 773 776 785 786 787 790 795 796 804 807 812 817 818 827 829 834 835 859 861 864 878 883 892 893 898 900 901 905#28 235 255 663 790
7 226 337 598 806#7 73 94 97 177 192 194 201 226 243 259 263 281 294 331 337 413 435 462 478 479 513 591 594 598 606 632 635 645 666 677 692 712 715 730 781 788 794 806 819 866 876 882 884 891
100 119 301 589 755#4 11 16 27 30 50 51 58 59 63 64 69 74 81 86 87 91 100 103 114 119 128 130 133 134 139 154 158 188 199 210 221 227 229 233 256 261 265 268 275 276 289 293 297 301 309 315 317 320 329 334 338 346 347 363 385 395 397 403 406 416 423 428 430 434 437 445 446 455 458 459 480 483 486 498 500 509 510 512 516 518 519 520 522 524 527 528 534 545 547 548 550 553 556 560 576 578 583 587 588 589 590 592 613 619 621 626 649 655 661 662 670 671 675 681 687 698 724 731 734 738 750 755 764 766 771 772 789 792 799 802 803 810 823 831 833 842 845 849 855 874 888 896 899 902
22 26 33 41 42 45 48 61 77 88 90 92 96 112 137 180 184 191 197 215 217 223 224 238 242 257 263 281 283 287 292 294 299 303 308 311 340 345 354 358 364 371 389 391 393 396 404 407 409 433 439 477 478 481 489 532 536 540 542 552 557 558 561 575 579 580 586 600 607 624 635 638 647 652 664 667 676 682 709 711 714 725 744 752 760 770 779 783 811 816 826 856 857 862 895#26 137 558 667 826
5 253 325 373 421#5 29 52 55 67 72 79 104 115 118 126 138 155 170 185 207 249 253 298 321 322 325 335 339 361 366 373 375 377 378 421 427 447 460 469 482 484 487 491 492 514 541 562 572 582 623 639 650 704 706 713 723 729 732 736 762 775 800 814 820 821 824 828 846 851 858 860 870 871 890
7 94 97 177 192 194 226 243 259 331 337 413 594 598 606 666 677 712 730 788 794 806 819 882 891#7 94 97 177 192 194 226 243 259 331 337 413 594 598 606 666 677 712 730 788 794 806 819 882 891
6 15 23 32 39 98 99 102 105 108 109 115 123 129 142 144 145 150 153 162 166 167 168 170 171 173 176 179 186 198 203 209 228 230 250 251 267 278 285 300 306 318 319 330 342 348 351 365 368 370 376 378 400 405 412 415 418 420 426 436 438 444 449 450 453 454 465 470 472 495 501 503 505 506 535 537 546 559 562 566 570 573 574 582 597 631 634 640 646 651 656 657 678 683 690 693 695 707 719 733 735 742 745 749 774 777 797 822 830 832 837 840 850 853 865 880 881 886 887 889#173 251 559 651 881
4 27 30 50 87 100 114 119 130 133 139 158 199 227 261 265 276 301 309 317 338 385 416 437 445 446 455 500 512 516 518 548 560 587 589 590 592 613 619 670 671 687 724 755 766 789 792 845 874 888#4 27 30 50 87 100 114 119 130 133 139 158 199 227 261 265 276 301 309 317 338 385 416 437 445 446 455 500 512 516 518 548 560 587 589 590 592 613 619 670 671 687 724 755 766 789 792 845 874 888
115 170 378 562 582#5 6 23 32 39 55 72 79 98 99 102 104 105 108 109 115 118 123 129 142 144 145 150 153 162 166 167 168 170 171 173 176 179 185 198 203 207 228 230 249 251 253 267 298 300 318 319 321 325 330 335 342 348 361 365 366 370 373 375 376 377 378 400 405 412 415 418 420 421 426 427 436 438 444 449 450 453 454 465 469 470 472 482 484 491 492 495 501 505 506 514 535 546 559 562 570 573 574 582 597 631 634 639 640 650 651 656 657 678 690 693 704 706 707 713 719 723 732 733 735 742 745 749 762 774 775 777 797 814 820 822 824 828 832 840 846 850 851 853 858 860 865 870 881 887
14 35 43 66 70 75 89 125 131 146 160 163 165 181 193 200 204 213 245 252 286 295 302 324 328 341 344 357 360 372 381 390 398 399 417 464 467 468 473 485 494 496 526 531 533 538 539 577 584 601 602 622 643 685 689 705 748 753 768 782 784 793 813 838 844 869 872 873 877 885#485 496 602 689 869
71 442 502 564 642#10 12 13 31 34 36 37 38 49 62 70 71 74 85 107 113 136 148 149 151 174 182 183 187 202 205 206 231 237 244 246 248 254 258 260 266 270 272 279 288 296 324 332 350 382 383 384 388 401 410 411 414 424 425 441 442 443 456 466 467 474 497 502 504 508 515 517 522 525 528 534 538 564 567 571 593 596 603 611 616 627 642 644 659 660 662 680 684 697 702 710 716 717 720 721 722 728 737 751 756 757 759 763 765 778 780 782 791 805 808 809 825 843 848 854 863 867 879 894 904
66 70 89 193 204 295 324 344 357 360 372 467 485 494 496 531 538 602 689 782 784 838 844 869 873#66 70 89 193 204 295 324 344 357 360 372 467 485 494 496 531 538 602 689 782 784 838 844 869 873
6 23 32 39 98 99 102 105 108 109 115 123 129 142 144 145 150 153 162 166 167 168 170 171 173 176 179 198 203 228 230 251 267 300 318 319 330 342 348 365 370 376 378 400 405 412 415 418 420 426 436 438 444 449 450 453 454 465 470 472 495 501 505 506 535 546 559 562 570 573 574 582 597 631 634 640 651 656 657 678 690 693 707 719 733 735 742 745 749 774 777 797 822 832 840 850 853 865 881 887#6 23 32 39 98 99 102 105 108 109 115 123 129 142 144 145 150 153 162 166 167 168 170 171 173 176 179 198 203 228 230 251 267 300 318 319 330 342 348 365 370 376 378 400 405 412 415 418 420 426 436 438 444 449 450 453 454 465 470 472 495 501 505 506 535 546 559 562 570 573 574 582 597 631 634 640 651 656 657 678 690 693 707 719 733 735 742 745 749 774 777 797 822 832 840 850 853 865 881 887
2 30 101 116 135 159 175 186 209 277 282 316 326 327 368 380 387 402 461 493 503 516 608 625 628 633 637 665 670 672 673 679 688 724 741 746 747 767 798 801 845 847 875 889 897#101 175 327 387 461
28 235 255 663 790#1 3 8 9 17 19 20 21 24 25 28 40 44 46 47 53 54 56 60 65 68 78 83 84 93 94 95 110 111 117 120 121 122 124 127 140 141 143 147 152 156 157 161 164 169 172 178 189 190 195 208 211 212 214 218 219 220 222 225 232 235 240 247 255 262 264 269 271 273 274 280 284 290 291 304 305 307 310 312 313 314 323 331 343 349 352 353 355 356 359 362 369 374 379 392 408 413 419 422 431 440 448 451 452 457 463 471 475 476 488 490 499 507 511 521 523 530 543 544 549 551 555 563 568 569 581 585 595 599 604 605 606 609 610 612 614 615 617 618 620 630 636 641 648 653 654 663 668 669 674 691 694 696 699 700 701 708 712 718 726 727 739 743 754 758 761 769 773 776 785 786 787 790 795 796 804 807 812 817 818 827 829 834 835 859 861 864 878 883 892 893 898 900 901 905
18 80 82 106 132 141 236 239 333 367 379 394 554 565 568 569 629 658 686 691 740 815 836 841 903#18 80 82 106 132 141 236 239 333 367 379 394 554 565 568 569 629 658 686 691 740 815 836 841 903
26 41 61 90 112 137 180 191 197 215 224 238 242 257 283 287 292 299 303 308 311 340 345 364 371 391 407 433 477 481 489 532 536 552 558 586 600 607 647 667 711 744 760 770 783 811 816 826 856 857#26 41 61 90 112 137 180 191 197 215 224 238 242 257 283 287 292 299 303 308 311 340 345 364 371 391 407 433 477 481 489 532 536 552 558 586 600 607 647 667 711 744 760 770 783 811 816 826 856 857
10 12 13 31 36 37 49 62 70 71 107 113 136 148 174 182 183 202 205 206 231 244 246 248 258 260 266 270 272 279 288 324 332 350 382 383 388 401 410 411 414 424 425 441 442 443 456 466 467 474 497 502 504 508 515 517 525 538 564 567 571 593 603 611 616 627 642 644 659 660 680 684 710 716 717 720 721 728 737 751 756 757 759 763 765 778 780 782 791 805 808 809 825 843 848 854 863 867 879 894#10 12 13 31 36 37 49 62 70 71 107 113 136 148 174 182 183 202 205 206 231 244 246 248 258 260 266 270 272 279 288 324 332 350 382 383 388 401 410 411 414 424 425 441 442 443 456 466 467 474 497 502 504 508 515 517 525 538 564 567 571 593 603 611 616 627 642 644 659 660 680 684 710 716 717 720 721 728 737 751 756 757 759 763 765 778 780 782 791 805 808 809 825 843 848 854 863 867 879 894
57 76 80 131 160 196 216 234 241 336 386 398 429 432 529 539 554 629 685 686 703 839 841 852 868#57 76 80 131 160 196 216 234 241 336 386 398 429 432 529 539 554 629 685 686 703 839 841 852 868
7 73 94 97 177 192 194 201 226 243 259 263 281 294 331 337 413 435 462 478 479 513 591 594 598 606 632 635 645 666 677 692 712 715 730 781 788 794 806 819 866 876 882 884 891#7 226 337 598 806
4 11 16 27 30 50 51 58 59 63 64 69 74 81 86 87 91 100 103 114 119 128 130 133 134 139 154 158 188 199 210 221 227 229 233 256 261 265 268 275 276 289 293 297 301 309 315 317 320 329 334 338 346 347 363 385 395 397 403 406 416 423 428 430 434 437 445 446 455 458 459 480 483 486 498 500 509 510 512 516 518 519 520 522 524 527 528 534 545 547 548 550 553 556 560 576 578 583 587 588 589 590 592 613 619 621 626 649 655 661 662 670 671 675 681 687 698 724 731 734 738 750 755 764 766 771 772 789 792 799 802 803 810 823 831 833 842 845 849 855 874 888 896 899 902#100 119 301 589 755
80 554 629 686 841#18 57 76 80 82 106 131 132 141 160 196 216 234 236 239 241 333 336 367 379 386 394 398 429 432 529 539 554 565 568 569 629 658 685 686 691 703 740 815 836 839 841 852 868 903
10 12 13 31 34 36 37 38 49 62 70 71 74 85 107 113 136 148 149 151 174 182 183 187 202 205 206 231 237 244 246 248 254 258 260 266 270 272 279 288 296 324 332 350 382 383 384 388 401 410 411 414 424 425 441 442 443 456 466 467 474 497 502 504 508 515 517 522 525 528 534 538 564 567 571 593 596 603 611 616 627 642 644 659 660 662 680 684 697 702 710 716 717 720 721 722 728 737 751 756 757 759 763 765 778 780 782 791 805 808 809 825 843 848 854 863 867 879 894 904#71 442 502 564 642
30 516 670 724 845#2 4 27 30 50 87 100 101 114 119 130 133 139 158 175 199 227 261 265 276 282 301 309 316 317 326 327 338 380 385 387 402 416 437 445 446 455 461 500 512 516 518 548 560 587 589 590 592 613 619 628 633 670 671 672 673 687 688 724 741 746 755 766 767 789 792 845 874 875 888
485 496 602 689 869#14 35 43 66 70 75 89 125 131 146 160 163 165 181 193 200 204 213 245 252 286 295 302 324 328 341 344 357 360 372 381 390 398 399 417 464 467 468 473 485 494 496 526 531 533 538 539 577 584 601 602 622 643 685 689 705 748 753 768 782 784 793 813 838 844 869 872 873 877 885
10 12 13 31 36 37 49 62 66 70 71 89 107 113 136 148 174 182 183 193 202 204 205 206 231 244 246 248 258 260 266 270 272 279 288 295 324 332 344 350 357 360 372 382 383 388 401 410 411 414 424 425 441 442 443 456 466 467 474 485 494 496 497 502 504 508 515 517 525 531 538 564 567 571 593 602 603 611 616 627 642 644 659 660 680 684 689 710 716 717 720 721 728 737 751 756 757 759 763 765 778 780 782 784 791 805 808 809 825 838 843 844 848 854 863 867 869 873 879 894#70 324 467 538 782
131 160 398 539 685#14 35 43 57 75 76 80 125 131 146 160 163 165 181 196 200 213 216 234 241 245 252 286 302 328 336 341 381 386 390 398 399 417 429 432 464 468 473 485 496 526 529 533 539 554 577 584 601 602 622 629 643 685 686 689 703 705 748 753 768 793 813 839 841 852 868 869 872 877 885
1 7 9 17 19 20 21 25 28 40 54 60 78 83 94 97 110 111 120 122 127 140 143 152 161 164 169 172 177 178 190 192 194 195 211 214 222 225 226 235 240 243 247 255 259 262 269 271 273 284 291 313 314 323 331 337 356 362 392 413 431 448 451 457 475 476 488 490 507 511 543 544 563 581 585 594 595 598 599 604 605 606 609 610 614 615 618 630 636 648 663 666 677 694 712 726 730 754 773 776 786 787 788 790 794 795 806 807 819 829 834 835 859 861 882 891 892 893 901 905#94 331 413 606 712
70 324 467 538 782#10 12 13 31 36 37 49 62 66 70 71 89 107 113 136 148 174 182 183 193 202 204 205 206 231 244 246 248 258 260 266 270 272 279 288 295 324 332 344 350 357 360 372 382 383 388 401 410 411 414 424 425 441 442 443 456 466 467 474 485 494 496 497 502 504 508 515 517 525 531 538 564 567 571 593 602 603 611 616 627 642 644 659 660 680 684 689 710 716 717 720 721 728 737 751 756 757 759 763 765 778 780 782 784 791 805 808 809 825 838 843 844 848 854 863 867 869 873 879 894
1 9 17 19 20 21 25 28 40 54 60 78 83 94 110 111 120 122 127 140 143 152 161 164 169 172 178 190 195 211 214 222 225 235 240 247 255 262 269 271 273 284 291 313 314 323 331 356 362 392 413 431 448 451 457 475 476 488 490 507 511 543 544 563 581 585 595 599 604 605 606 609 610 614 615 618 630 636 648 663 694 712 726 754 773 776 786 787 790 795 807 829 834 835 859 861 892 893 901 905#1 9 17 19 20 21 25 28 40 54 60 78 83 94 110 111 120 122 127 140 143 152 161 164 169 172 178 190 195 211 214 222 225 235 240 247 255 262 269 271 273 284 291 313 314 323 331 356 362 392 413 431 448 451 457 475 476 488 490 507 511 543 544 563 581 585 595 599 604 605 606 609 610 614 615 618 630 636 648 663 694 712 726 754 773 776 786 787 790 795 807 829 834 835 859 861 892 893 901 905
5 6 23 32 39 55 72 79 98 99 102 104 105 108 109 115 118 123 129 142 144 145 150 153 162 166 167 168 170 171 173 176 179 185 198 203 207 228 230 249 251 253 267 298 300 318 319 321 325 330 335 342 348 361 365 366 370 373 375 376 377 378 400 405 412 415 418 420 421 426 427 436 438 444 449 450 453 454 465 469 470 472 482 484 491 492 495 501 505 506 514 535 546 559 562 570 573 574 582 597 631 634 639 640 650 651 656 657 678 690 693 704 706 707 713 719 723 732 733 735 742 745 749 762 774 775 777 797 814 820 822 824 828 832 840 846 850 851 853 858 860 865 870 881 887#115 170 378 562 582
186 209 368 503 889#15 101 116 135 159 173 175 186 209 250 251 277 278 285 306 327 351 368 387 461 493 503 537 559 566 608 625 637 646 651 665 679 683 695 747 798 801 830 837 847 880 881 886 889 897
2 4 27 30 50 87 100 101 114 119 130 133 139 158 175 199 227 261 265 276 282 301 309 316 317 326 327 338 380 385 387 402 416 437 445 446 455 461 500 512 516 518 548 560 587 589 590 592 613 619 628 633 670 671 672 673 687 688 724 741 746 755 766 767 789 792 845 874 875 888#30 516 670 724 845
22 26 33 42 45 48 77 88 92 96 137 184 217 223 263 281 294 354 358 389 393 396 404 409 439 478 540 542 557 558 561 575 579 580 624 635 638 652 664 667 676 682 709 714 725 752 779 826 862 895#22 26 33 42 45 48 77 88 92 96 137 184 217 223 263 281 294 354 358 389 393 396 404 409 439 478 540 542 557 558 561 575 579 580 624 635 638 652 664 667 676 682 709 714 725 752 779 826 862 895
141 379 568 569 691#3 8 18 24 28 44 46 47 53 56 65 68 80 82 84 93 95 106 117 121 124 132 141 147 156 157 189 208 212 218 219 220 232 235 236 239 255 264 274 280 290 304 305 307 310 312 333 343 349 352 353 355 359 367 369 374 379 394 408 419 422 440 452 463 471 499 521 523 530 549 551 554 555 565 568 569 612 617 620 629 641 653 654 658 663 668 669 674 686 691 696 699 700 701 708 718 727 739 740 743 758 761 769 785 790 796 804 812 815 817 818 827 836 841 864 878 883 898 900 903
74 522 528 534 662#11 16 34 38 51 58 59 63 64 69 71 74 81 85 86 91 100 103 119 128 134 149 151 154 187 188 210 221 229 233 237 254 256 268 275 289 293 296 297 301 315 320 329 334 346 347 363 384 395 397 403 406 423 428 430 434 442 458 459 480 483 486 498 502 509 510 519 520 522 524 527 528 534 545 547 550 553 556 564 576 578 583 588 589 596 621 626 642 649 655 661 662 675 681 697 698 702 722 731 734 738 750 755 764 771 772 799 802 803 810 823 831 833 842 849 855 896 899 902 904
15 101 116 135 159 173 175 186 209 250 251 277 278 285 306 327 351 368 387 461 493 503 537 559 566 608 625 637 646 651 665 679 683 695 747 798 801 830 837 847 880 881 886 889 897#186 209 368 503 889
101 116 135 159 175 186 209 277 327 368 387 461 493 503 608 625 637 665 679 747 798 801 847 889 897#101 116 135 159 175 186 209 277 327 368 387 461 493 503 608 625 637 665 679 747 798 801 847 889 897
94 331 413 606 712#1 7 9 17 19 20 21 25 28 40 54 60 78 83 94 97 110 111 120 122 127 140 143 152 161 164 169 172 177 178 190 192 194 195 211 214 222 225 226 235 240 243 247 255 259 262 269 271 273 284 291 313 314 323 331 337 356 362 392 413 431 448 451 457 475 476 488 490 507 511 543 544 563 581 585 594 595 598 599 604 605 606 609 610 614 615 618 630 636 648 663 666 677 694 712 726 730 754 773 776 786 787 788 790 794 795 806 807 819 829 834 835 859 861 882 891 892 893 901 905
34 38 71 74 85 149 151 187 237 254 296 384 442 502 522 528 534 564 596 642 662 697 702 722 904#34 38 71 74 85 149 151 187 237 254 296 384 442 502 522 528 534 564 596 642 662 697 702 722 904
3 8 24 28 44 46 47 53 56 65 68 84 93 95 117 121 124 141 147 156 157 189 208 212 218 219 220 232 235 255 264 274 280 290 304 305 307 310 312 343 349 352 353 355 359 369 374 379 408 419 422 440 452 463 471 499 521 523 530 549 551 555 568 569 612 617 620 641 653 654 663 668 669 674 691 696 699 700 701 708 718 727 739 743 758 761 769 785 790 796 804 812 817 818 827 864 878 883 898 900#3 8 24 28 44 46 47 53 56 65 68 84 93 95 117 121 124 141 147 156 157 189 208 212 218 219 220 232 235 255 264 274 280 290 304 305 307 310 312 343 349 352 353 355 359 369 374 379 408 419 422 440 452 463 471 499 521 523 530 549 551 555 568 569 612 617 620 641 653 654 663 668 669 674 691 696 699 700 701 708 718 727 739 743 758 761 769 785 790 796 804 812 817 818 827 864 878 883 898 900
14 35 43 75 125 131 146 160 163 165 181 200 213 245 252 286 302 328 341 381 390 398 399 417 464 468 473 485 496 526 533 539 577 584 601 602 622 643 685 689 705 748 753 768 793 813 869 872 877 885#14 35 43 75 125 131 146 160 163 165 181 200 213 245 252 286 302 328 341 381 390 398 399 417 464 468 473 485 496 526 533 539 577 584 601 602 622 643 685 689 705 748 753 768 793 813 869 872 877 885
101 175 327 387 461#2 30 101 116 135 159 175 186 209 277 282 316 326 327 368 380 387 402 461 493 503 516 608 625 628 633 637 665 670 672 673 679 688 724 741 746 747 767 798 801 845 847 875 889 897
7 22 26 33 42 45 48 73 77 88 92 96 137 184 201 217 223 226 263 281 294 337 354 358 389 393 396 404 409 435 439 462 478 479 513 540 542 557 558 561 575 579 580 591 598 624 632 635 638 645 652 664 667 676 682 692 709 714 715 725 752 779 781 806 826 862 866 876 884 895#263 281 294 478 635
14 35 43 57 75 76 80 125 131 146 160 163 165 181 196 200 213 216 234 241 245 252 286 302 328 336 341 381 386 390 398 399 417 429 432 464 468 473 485 496 526 529 533 539 554 577 584 601 602 622 629 643 685 686 689 703 705 748 753 768 793 813 839 841 852 868 869 872 877 885#131 160 398 539 685
15 173 186 209 250 251 278 285 306 351 368 503 537 559 566 646 651 683 695 830 837 880 881 886 889#15 173 186 209 250 251 278 285 306 351 368 503 537 559 566 646 651 683 695 830 837 880 881 886 889
11 16 51 58 59 63 64 69 74 81 86 91 100 103 119 128 134 154 188 210 221 229 233 256 268 275 289 293 297 301 315 320 329 334 346 347 363 395 397 403 406 423 428 430 434 458 459 480 483 486 498 509 510 519 520 522 524 527 528 534 545 547 550 553 556 576 578 583 588 589 621 626 649 655 661 662 675 681 698 731 734 738 750 755 764 771 772 799 802 803 810 823 831 833 842 849 855 896 899 902#11 16 51 58 59 63 64 69 74 81 86 91 100 103 119 128 134 154 188 210 221 229 233 256 268 275 289 293 297 301 315 320 329 334 346 347 363 395 397 403 406 423 428 430 434 458 459 480 483 486 498 509 510 519 520 522 524 527 528 534 545 547 550 553 556 576 578 583 588 589 621 626 649 655 661 662 675 681 698 731 734 738 750 755 764 771 772 799 802 803 810 823 831 833 842 849 855 896 899 902
5 29 52 67 126 138 155 253 322 325 339 373 421 447 460 487 541 572 623 729 736 800 821 871 890#5 29 52 67 126 138 155 253 322 325 339 373 421 447 460 487 541 572 623 729 736 800 821 871 890
3 8 18 24 28 44 46 47 53 56 65 68 80 82 84 93 95 106 117 121 124 132 141 147 156 157 189 208 212 218 219 220 232 235 236 239 255 264 274 280 290 304 305 307 310 312 333 343 349 352 353 355 359 367 369 374 379 394 408 419 422 440 452 463 471 499 521 523 530 549 551 554 555 565 568 569 612 617 620 629 641 653 654 658 663 668 669 674 686 691 696 699 700 701 708 718 727 739 740 743 758 761 769 785 790 796 804 812 815 817 818 827 836 841 864 878 883 898 900 903#141 379 568 569 691
5 55 72 79 104 115 118 170 185 207 249 253 298 321 325 335 361 366 373 375 377 378 421 427 469 482 484 491 492 514 562 582 639 650 704 706 713 723 732 762 775 814 820 824 828 846 851 858 860 870#5 55 72 79 104 115 118 170 185 207 249 253 298 321 325 335 361 366 373 375 377 378 421 427 469 482 484 491 492 514 562 582 639 650 704 706 713 723 732 762 775 814 820 824 828 846 851 858 860 870
26 137 558 667 826#22 26 33 41 42 45 48 61 77 88 90 92 96 112 137 180 184 191 197 215 217 223 224 238 242 257 263 281 283 287 292 294 299 303 308 311 340 345 354 358 364 371 389 391 393 396 404 407 409 433 439 477 478 481 489 532 536 540 542 552 557 558 561 575 579 580 586 600 607 624 635 638 647 652 664 667 676 682 709 711 714 725 744 752 760 770 779 783 811 816 826 856 857 862 895
1 2 3 4 5 6 7 8 9 10 11 12 13 14 15 16 17 18 19 20 21 22 23 24 25 26 27 28 29 30 31 32 33 34 35 36 37 38 39 40 41 42 43 44 45 46 47 48 49 50 51 52 53 54 55 56 57 58 59 60 61 62 63 64 65 66 67 68 69 70 71 72 73 74 75 76 77 78 79 80 81 82 83 84 85 86 87 88 89 90 91 92 93 94 95 96 97 98 99 100 101 102 103 104 105 106 107 108 109 110 111 112 113 114 115 116 117 118 119 120 121 122 123 124 125 126 127 128 129 130 131 132 133 134 135 136 137 138 139 140 141 142 143 144 145 146 147 148 149 150 151 152 153 154 155 156 157 158 159 160 161 162 163 164 165 166 167 168 169 170 171 172 173 174 175 176 177 178 179 180 181 182 183 184 185 186 187 188 189 190 191 192 193 194 195 196 197 198 199 200 201 202 203 204 205 206 207 208 209 210 211 212 213 214 215 216 217 218 219 220 221 222 223 224 225 226 227 228 229 230 231 232 233 234 235 236 237 238 239 240 241 242 243 244 245 246 247 248 249 250 251 252 253 254 255 256 257 258 259 260 261 262 263 264 265 266 267 268 269 270 271 272 273 274 275 276 277 278 279 280 281 282 283 284 285 286 287 288 289 290 291 292 293 294 295 296 297 298 299 300 301 302 303 304 305 306 307 308 309 310 311 312 313 314 315 316 317 318 319 320 321 322 323 324 325 326 327 328 329 330 331 332 333 334 335 336 337 338 339 340 341 342 343 344 345 346 347 348 349 350 351 352 353 354 355 356 357 358 359 360 361 362 363 364 365 366 367 368 369 370 371 372 373 374 375 376 377 378 379 380 381 382 383 384 385 386 387 388 389 390 391 392 393 394 395 396 397 398 399 400 401 402 403 404 405 406 407 408 409 410 411 412 413 414 415 416 417 418 419 420 421 422 423 424 425 426 427 428 429 430 431 432 433 434 435 436 437 438 439 440 441 442 443 444 445 446 447 448 449 450 451 452 453 454 455 456 457 458 459 460 461 462 463 464 465 466 467 468 469 470 471 472 473 474 475 476 477 478 479 480 481 482 483 484 485 486 487 488 489 490 491 492 493 494 495 496 497 498 499 500 501 502 503 504 505 506 507 508 509 510 511 512 513 514 515 516 517 518 519 520 521 522 523 524 525 526 527 528 529 530 531 532 533 534 535 536 537 538 539 540 541 542 543 544 545 546 547 548 549 550 551 552 553 554 555 556 557 558 559 560 561 562 563 564 565 566 567 568 569 570 571 572 573 574 575 576 577 578 579 580 581 582 583 584 585 586 587 588 589 590 591 592 593 594 595 596 597 598 599 600 601 602 603 604 605 606 607 608 609 610 611 612 613 614 615 616 617 618 619 620 621 622 623 624 625 626 627 628 629 630 631 632 633 634 635 636 637 638 639 640 641 642 643 644 645 646 647 648 649 650 651 652 653 654 655 656 657 658 659 660 661 662 663 664 665 666 667 668 669 670 671 672 673 674 675 676 677 678 679 680 681 682 683 684 685 686 687 688 689 690 691 692 693 694 695 696 697 698 699 700 701 702 703 704 705 706 707 708 709 710 711 712 713 714 715 716 717 718 719 720 721 722 723 724 725 726 727 728 729 730 731 732 733 734 735 736 737 738 739 740 741 742 743 744 745 746 747 748 749 750 751 752 753 754 755 756 757 758 759 760 761 762 763 764 765 766 767 768 769 770 771 772 773 774 775 776 777 778 779 780 781 782 783 784 785 786 787 788 789 790 791 792 793 794 795 796 797 798 799 800 801 802 803 804 805 806 807 808 809 810 811 812 813 814 815 816 817 818 819 820 821 822 823 824 825 826 827 828 829 830 831 832 833 834 835 836 837 838 839 840 841 842 843 844 845 846 847 848 849 850 851 852 853 854 855 856 857 858 859 860 861 862 863 864 865 866 867 868 869 870 871 872 873 874 875 876 877 878 879 880 881 882 883 884 885 886 887 888 889 890 891 892 893 894 895 896 897 898 899 900 901 902 903 904 905#
#1 2 3 4 5 6 7 8 9 10 11 12 13 14 15 16 17 18 19 20 21 22 23 24 25 26 27 28 29 30 31 32 33 34 35 36 37 38 39 40 41 42 43 44 45 46 47 48 49 50 51 52 53 54 55 56 57 58 59 60 61 62 63 64 65 66 67 68 69 70 71 72 73 74 75 76 77 78 79 80 81 82 83 84 85 86 87 88 89 90 91 92 93 94 95 96 97 98 99 100 101 102 103 104 105 106 107 108 109 110 111 112 113 114 115 116 117 118 119 120 121 122 123 124 125 126 127 128 129 130 131 132 133 134 135 136 137 138 139 140 141 142 143 144 145 146 147 148 149 150 151 152 153 154 155 156 157 158 159 160 161 162 163 164 165 166 167 168 169 170 171 172 173 174 175 176 177 178 179 180 181 182 183 184 185 186 187 188 189 190 191 192 193 194 195 196 197 198 199 200 201 202 203 204 205 206 207 208 209 210 211 212 213 214 215 216 217 218 219 220 221 222 223 224 225 226 227 228 229 230 231 232 233 234 235 236 237 238 239 240 241 242 243 244 245 246 247 248 249 250 251 252 253 254 255 256 257 258 259 260 261 262 263 264 265 266 267 268 269 270 271 272 273 274 275 276 277 278 279 280 281 282 283 284 285 286 287 288 289 290 291 292 293 294 295 296 297 298 299 300 301 302 303 304 305 306 307 308 309 310 311 312 313 314 315 316 317 318 319 320 321 322 323 324 325 326 327 328 329 330 331 332 333 334 335 336 337 338 339 340 341 342 343 344 345 346 347 348 349 350 351 352 353 354 355 356 357 358 359 360 361 362 363 364 365 366 367 368 369 370 371 372 373 374 375 376 377 378 379 380 381 382 383 384 385 386 387 388 389 390 391 392 393 394 395 396 397 398 399 400 401 402 403 404 405 406 407 408 409 410 411 412 413 414 415 416 417 418 419 420 421 422 423 424 425 426 427 428 429 430 431 432 433 434 435 436 437 438 439 440 441 442 443 444 445 446 447 448 449 450 451 452 453 454 455 456 457 458 459 460 461 462 463 464 465 466 467 468 469 470 471 472 473 474 475 476 477 478 479 480 481 482 483 484 485 486 487 488 489 490 491 492 493 494 495 496 497 498 499 500 501 502 503 504 505 506 507 508 509 510 511 512 513 514 515 516 517 518 519 520 521 522 523 524 525 526 527 528 529 530 531 532 533 534 535 536 537 538 539 540 541 542 543 544 545 546 547 548 549 550 551 552 553 554 555 556 557 558 559 560 561 562 563 564 565 566 567 568 569 570 571 572 573 574 575 576 577 578 579 580 581 582 583 584 585 586 587 588 589 590 591 592 593 594 595 596 597 598 599 600 601 602 603 604 605 606 607 608 609 610 611 612 613 614 615 616 617 618 619 620 621 622 623 624 625 626 627 628 629 630 631 632 633 634 635 636 637 638 639 640 641 642 643 644 645 646 647 648 649 650 651 652 653 654 655 656 657 658 659 660 661 662 663 664 665 666 667 668 669 670 671 672 673 674 675 676 677 678 679 680 681 682 683 684 685 686 687 688 689 690 691 692 693 694 695 696 697 698 699 700 701 702 703 704 705 706 707 708 709 710 711 712 713 714 715 716 717 718 719 720 721 722 723 724 725 726 727 728 729 730 731 732 733 734 735 736 737 738 739 740 741 742 743 744 745 746 747 748 749 750 751 752 753 754 755 756 757 758 759 760 761 762 763 764 765 766 767 768 769 770 771 772 773 774 775 776 777 778 779 780 781 782 783 784 785 786 787 788 789 790 791 792 793 794 795 796 797 798 799 800 801 802 803 804 805 806 807 808 809 810 811 812 813 814 815 816 817 818 819 820 821 822 823 824 825 826 827 828 829 830 831 832 833 834 835 836 837 838 839 840 841 842 843 844 845 846 847 848 849 850 851 852 853 854 855 856 857 858 859 860 861 862 863 864 865 866 867 868 869 870 871 872 873 874 875 876 877 878 879 880 881 882 883 884 885 886 887 888 889 890 891 892 893 894 895 896 897 898 899 900 901 902 903 904 905
