8 17 30 44 52 66 102 106 116 134 139 142 157 165 200 202 205 217 253 255 275 325 330 348 352 367 377 412 419 438 451 470 483 489 502 519 576 665 698 706 716 724 763 767 822 827 835 864 893 895#8 17 30 44 52 66 102 106 116 134 139 142 157 165 200 202 205 217 253 255 275 325 330 348 352 367 377 412 419 438 451 470 483 489 502 519 576 665 698 706 716 724 763 767 822 827 835 864 893 895
335 353 498 580 731#2 3 13 15 16 20 25 27 36 41 46 48 64 65 68 73 82 83 87 91 99 104 112 114 117 121 126 127 131 132 135 143 145 164 169 171 174 180 193 195 206 212 213 216 219 220 221 227 232 235 239 246 248 260 264 271 272 274 279 280 285 287 291 297 312 322 326 328 332 335 337 339 340 341 353 358 361 364 371 373 374 383 388 391 392 396 398 399 408 411 415 427 431 435 446 454 455 458 480 484 486 494 496 497 498 506 507 510 514 515 529 530 531 539 541 544 548 551 552 554 564 566 577 578 580 590 591 593 597 598 602 608 619 621 624 628 629 635 638 642 643 644 649 655 660 661 675 682 684 695 696 702 704 713 714 725 731 733 736 740 753 755 757 771 781 797 803 811 816 817 819 829 832 840 847 848 853 855 856 858 860 863 865 872 874 875 881 884 885 887 890 892 899 900 905
10 32 54 55 79 93 98 108 110 118 119 133 186 187 189 224 231 240 281 302 321 338 354 368 404 406 410 453 462 503 537 575 586 606 610 612 631 639 683 689 728 729 752 760 788 821 826 838 859 877#10 32 54 55 79 93 98 108 110 118 119 133 186 187 189 224 231 240 281 302 321 338 354 368 404 406 410 453 462 503 537 575 586 606 610 612 631 639 683 689 728 729 752 760 788 821 826 838 859 877
4 6 9 19 22 23 33 34 38 47 50 56 70 74 77 92 111 128 138 158 160 182 184 203 222 225 241 251 252 258 267 288 292 309 317 323 336 355 370 375 378 379 387 393 397 407 418 420 425 430 434 447 452 461 465 473 476 479 485 491 492 495 513 516 538 546 549 558 559 561 594 600 603 609 617 622 633 636 641 677 679 686 700 703 705 707 737 738 772 775 780 784 785 786 794 798 841 852 888 894#4 6 9 19 22 23 33 34 38 47 50 56 70 74 77 92 111 128 138 158 160 182 184 203 222 225 241 251 252 258 267 288 292 309 317 323 336 355 370 375 378 379 387 393 397 407 418 420 425 430 434 447 452 461 465 473 476 479 485 491 492 495 513 516 538 546 549 558 559 561 594 600 603 609 617 622 633 636 641 677 679 686 700 703 705 707 737 738 772 775 780 784 785 786 794 798 841 852 888 894
1 2 3 13 14 16 57 64 65 68 73 82 87 112 117 127 132 135 145 174 180 195 197 212 216 219 220 221 227 235 239 244 249 268 272 274 297 306 312 326 331 335 339 353 358 371 382 388 392 396 398 408 411 415 427 446 454 458 472 480 486 494 498 506 507 510 514 515 530 539 540 541 564 566 571 577 580 581 590 593 597 624 635 637 649 655 660 661 675 678 684 704 725 731 733 736 740 742 753 779 787 797 811 816 819 832 840 848 855 856 858 863 872 881 884 891 892 899 900 905#13 358 566 577 624
15 322 496 714 847#15 20 25 27 36 41 46 48 60 69 78 83 91 99 104 114 115 121 126 131 140 143 155 164 169 171 193 199 206 213 215 232 246 248 260 264 271 279 280 285 287 291 319 322 328 332 335 337 340 341 346 353 361 364 373 374 383 391 399 413 431 435 455 484 496 497 498 524 529 531 544 548 551 552 554 578 580 591 598 602 608 619 621 628 629 638 642 643 644 646 680 682 695 696 702 713 714 731 755 757 771 781 803 809 817 823 829 839 847 853 860 862 865 874 875 880 882 885 887 890
53 120 152 199 223 308 319 359 381 390 499 545 589 645 651 658 666 680 741 746 808 823 830 878 880#53 120 152 199 223 308 319 359 381 390 499 545 589 645 651 658 666 680 741 746 808 823 830 878 880
63 86 137 149 150 177 190 266 270 350 357 380 440 441 449 521 569 691 708 719 722 743 765 791 871#63 86 137 149 150 177 190 266 270 350 357 380 440 441 449 521 569 691 708 719 722 743 765 791 871
150 569 691 708 871#5 11 21 24 43 51 55 61 63 67 71 76 85 86 94 109 113 133 137 144 147 148 149 150 166 167 172 177 181 183 190 196 209 210 214 230 231 245 254 259 266 270 281 283 298 320 349 350 357 380 386 394 400 414 424 439 440 441 449 467 488 500 501 504 508 511 518 520 521 527 533 536 550 569 582 585 620 625 627 630 640 650 669 670 673 681 687 691 692 708 710 711 712 715 717 719 722 728 735 743 744 756 758 765 776 783 790 791 800 804 836 843 846 850 861 866 868 871 873 898
9 12 29 31 37 39 45 58 62 72 75 80 89 95 96 97 125 129 141 161 168 179 188 191 194 198 201 204 208 211 228 238 241 256 267 269 286 289 295 301 304 310 315 316 324 329 344 345 351 370 389 402 403 423 426 428 429 430 442 448 450 457 464 475 477 487 517 522 535 543 547 556 557 560 562 563 573 579 583 595 596 604 607 614 623 647 648 652 664 676 690 694 701 718 720 723 726 727 732 739 748 749 754 768 773 774 789 793 801 805 813 814 818 831 844 867 883 886 897 903#80 573 614 690 723
17 84 103 122 146 151 185 202 217 234 261 265 296 303 307 360 363 401 405 419 443 445 459 509 528 584 611 616 632 653 662 665 667 672 750 751 759 761 770 777 778 792 796 806 820 837 849 854 857 876#17 84 103 122 146 151 185 202 217 234 261 265 296 303 307 360 363 401 405 419 443 445 459 509 528 584 611 616 632 653 662 665 667 672 750 751 759 761 770 777 778 792 796 806 820 837 849 854 857 876
14 101 176 257 262 290 293 299 382 384 385 438 478 502 553 599 615 671 678 742 763 779 822 835 889#14 101 176 257 262 290 293 299 382 384 385 438 478 502 553 599 615 671 678 742 763 779 822 835 889
63 86 107 137 149 150 162 177 190 226 229 266 270 276 305 350 357 372 380 409 422 440 441 449 521 542 555 569 592 613 663 668 685 691 708 719 721 722 743 765 791 824 825 851 871#137 149 441 743 791
55 133 231 281 728#5 10 11 21 24 32 43 51 54 55 61 67 71 76 79 85 93 94 98 108 109 110 113 118 119 133 144 147 148 150 166 167 172 181 183 186 187 189 196 209 210 214 224 230 231 240 245 254 259 281 283 298 302 320 321 338 349 354 368 386 394 400 404 406 410 414 424 439 453 462 467 488 500 501 503 504 508 511 518 520 527 533 536 537 550 569 575 582 585 586 606 610 612 620 625 627 630 631 639 640 650 669 670 673 681 683 687 689 691 692 708 710 711 712 715 717 728 729 735 744 752 756 758 760 776 783 788 790 800 804 821 826 836 838 843 846 850 859 861 866 868 871 873 877 898
47 59 130 136 153 154 170 207 218 250 273 292 311 333 342 347 356 365 421 437 460 463 468 471 523 525 558 561 565 568 572 603 605 618 626 634 654 656 657 659 688 697 699 709 730 745 812 828 870 879#47 59 130 136 153 154 170 207 218 250 273 292 311 333 342 347 356 365 421 437 460 463 468 471 523 525 558 561 565 568 572 603 605 618 626 634 654 656 657 659 688 697 699 709 730 745 812 828 870 879
2 3 13 16 64 65 68 73 82 87 112 117 127 132 135 145 174 180 195 212 216 219 220 221 227 235 239 272 274 297 312 326 335 339 353 358 371 388 392 396 398 408 411 415 427 446 454 458 480 486 494 498 506 507 510 514 515 530 539 541 564 566 577 580 590 593 597 624 635 649 655 660 661 675 684 704 725 731 733 736 740 753 797 811 816 819 832 840 848 855 856 858 863 872 881 884 892 899 900 905#2 3 13 16 64 65 68 73 82 87 112 117 127 132 135 145 174 180 195 212 216 219 220 221 227 235 239 272 274 297 312 326 335 339 353 358 371 388 392 396 398 408 411 415 427 446 454 458 480 486 494 498 506 507 510 514 515 530 539 541 564 566 577 580 590 593 597 624 635 649 655 660 661 675 684 704 725 731 733 736 740 753 797 811 816 819 832 840 848 855 856 858 863 872 881 884 892 899 900 905
7 26 42 53 88 90 105 120 123 124 152 159 192 199 223 233 236 237 263 278 294 308 313 314 318 319 327 343 359 366 369 381 390 395 436 444 456 469 474 482 499 526 532 534 545 567 570 589 601 645 651 658 666 680 693 734 741 746 764 766 769 795 808 810 823 830 845 878 880 901#223 308 381 746 878
8 17 30 44 52 66 84 102 103 106 116 122 134 139 142 146 151 157 165 185 200 202 205 217 234 253 255 261 265 275 296 303 307 325 330 348 352 360 363 367 377 401 405 412 419 438 443 445 451 459 470 483 489 502 509 519 528 576 584 611 616 632 653 662 665 667 672 698 706 716 724 750 751 759 761 763 767 770 777 778 792 796 806 820 822 827 835 837 849 854 857 864 876 893 895#17 202 217 419 665
107 137 149 162 226 229 276 305 372 409 422 441 542 555 592 613 663 668 685 721 743 791 824 825 851#107 137 149 162 226 229 276 305 372 409 422 441 542 555 592 613 663 668 685 721 743 791 824 825 851
1 13 14 57 197 244 249 268 306 331 358 382 472 540 566 571 577 581 624 637 678 742 779 787 891#1 13 14 57 197 244 249 268 306 331 358 382 472 540 566 571 577 581 624 637 678 742 779 787 891
315 329 402 475 727#29 31 35 37 39 40 45 58 62 72 75 80 81 89 95 125 129 173 179 188 191 194 198 204 208 211 228 238 243 256 269 286 289 294 295 301 304 310 315 316 324 329 334 344 351 389 395 402 403 423 426 428 429 442 448 450 457 464 466 469 475 487 517 522 535 543 547 556 560 562 563 567 573 579 583 587 588 595 596 601 604 614 647 648 664 676 690 694 701 718 723 726 727 732 739 747 748 749 754 773 774 789 793 801 802 805 807 813 814 815 818 831 833 844 867 869 883 886 897 903
29 31 37 39 45 58 62 72 75 80 89 95 125 129 179 188 191 194 198 204 208 211 228 238 256 269 286 289 295 301 304 310 315 316 324 329 344 351 389 402 403 423 426 428 429 442 448 450 457 464 475 487 517 522 535 543 547 556 560 562 563 573 579 583 595 596 604 614 647 648 664 676 690 694 701 718 723 726 727 732 739 748 749 754 773 774 789 793 801 805 813 814 818 831 844 867 883 886 897 903#29 31 37 39 45 58 62 72 75 80 89 95 125 129 179 188 191 194 198 204 208 211 228 238 256 269 286 289 295 301 304 310 315 316 324 329 344 351 389 402 403 423 426 428 429 442 448 450 457 464 475 487 517 522 535 543 547 556 560 562 563 573 579 583 595 596 604 614 647 648 664 676 690 694 701 718 723 726 727 732 739 748 749 754 773 774 789 793 801 805 813 814 818 831 844 867 883 886 897 903
9 12 80 96 97 141 161 168 201 241 267 345 370 430 477 557 573 607 614 623 652 690 720 723 768#9 12 80 96 97 141 161 168 201 241 267 345 370 430 477 557 573 607 614 623 652 690 720 723 768
7 26 42 88 90 105 123 124 159 192 223 233 236 237 263 278 294 308 313 314 318 327 343 366 369 381 395 436 444 456 469 474 482 526 532 534 567 570 601 693 734 746 764 766 769 795 810 845 878 901#7 26 42 88 90 105 123 124 159 192 223 233 236 237 263 278 294 308 313 314 318 327 343 366 369 381 395 436 444 456 469 474 482 526 532 534 567 570 601 693 734 746 764 766 769 795 810 845 878 901
14 382 678 742 779#1 13 14 57 101 176 197 244 249 257 262 268 290 293 299 306 331 358 382 384 385 438 472 478 502 540 553 566 571 577 581 599 615 624 637 671 678 742 763 779 787 822 835 889 891
15 53 60 69 78 115 120 140 152 155 199 215 223 308 319 322 346 359 381 390 413 496 499 524 545 589 645 646 651 658 666 680 714 741 746 808 809 823 830 839 847 862 878 880 882#199 319 680 823 880
15 20 25 27 36 41 46 48 83 91 99 104 114 121 126 131 143 164 169 171 193 206 213 232 246 248 260 264 271 279 280 285 287 291 322 328 332 335 337 340 341 353 361 364 373 374 383 391 399 431 435 455 484 496 497 498 529 531 544 548 551 552 554 578 580 591 598 602 608 619 621 628 629 638 642 643 644 682 695 696 702 713 714 731 755 757 771 781 803 817 829 847 853 860 865 874 875 885 887 890#15 20 25 27 36 41 46 48 83 91 99 104 114 121 126 131 143 164 169 171 193 206 213 232 246 248 260 264 271 279 280 285 287 291 322 328 332 335 337 340 341 353 361 364 373 374 383 391 399 431 435 455 484 496 497 498 529 531 544 548 551 552 554 578 580 591 598 602 608 619 621 628 629 638 642 643 644 682 695 696 702 713 714 731 755 757 771 781 803 817 829 847 853 860 865 874 875 885 887 890
294 395 469 567 601#7 26 35 40 42 81 88 90 105 123 124 159 173 192 223 233 236 237 243 263 278 294 308 313 314 315 318 327 329 334 343 366 369 381 395 402 436 444 456 466 469 474 475 482 526 532 534 567 570 587 588 601 693 727 734 746 747 764 766 769 795 802 807 810 815 833 845 869 878 901
29 31 35 37 39 40 45 58 62 72 75 80 81 89 95 125 129 173 179 188 191 194 198 204 208 211 228 238 243 256 269 286 289 294 295 301 304 310 315 316 324 329 334 344 351 389 395 402 403 423 426 428 429 442 448 450 457 464 466 469 475 487 517 522 535 543 547 556 560 562 563 567 573 579 583 587 588 595 596 601 604 614 647 648 664 676 690 694 701 718 723 726 727 732 739 747 748 749 754 773 774 789 793 801 802 805 807 813 814 815 818 831 833 844 867 869 883 886 897 903#315 329 402 475 727
18 28 107 130 247 277 284 417 463 481 512 542 555 565 592 618 674 688 762 799 834 851 896 902 904#18 28 107 130 247 277 284 417 463 481 512 542 555 565 592 618 674 688 762 799 834 851 896 902 904
130 463 565 618 688#18 28 47 59 107 130 136 153 154 170 207 218 247 250 273 277 284 292 311 333 342 347 356 365 417 421 437 460 463 468 471 481 512 523 525 542 555 558 561 565 568 572 592 603 605 618 626 634 654 656 657 659 674 688 697 699 709 730 745 762 799 812 828 834 851 870 879 896 902 904
199 319 680 823 880#15 53 60 69 78 115 120 140 152 155 199 215 223 308 319 322 346 359 381 390 413 496 499 524 545 589 645 646 651 658 666 680 714 741 746 808 809 823 830 839 847 862 878 880 882
18 28 47 59 107 130 136 153 154 170 207 218 247 250 273 277 284 292 311 333 342 347 356 365 417 421 437 460 463 468 471 481 512 523 525 542 555 558 561 565 568 572 592 603 605 618 626 634 654 656 657 659 674 688 697 699 709 730 745 762 799 812 828 834 851 870 879 896 902 904#130 463 565 618 688
8 14 17 30 44 52 66 101 102 106 116 134 139 142 157 165 176 200 202 205 217 253 255 257 262 275 290 293 299 325 330 348 352 367 377 382 384 385 412 419 438 451 470 478 483 489 502 519 553 576 599 615 665 671 678 698 706 716 724 742 763 767 779 822 827 835 864 889 893 895#438 502 763 822 835
35 40 81 173 243 294 315 329 334 395 402 466 469 475 567 587 588 601 727 747 802 807 815 833 869#35 40 81 173 243 294 315 329 334 395 402 466 469 475 567 587 588 601 727 747 802 807 815 833 869
9 241 267 370 430#4 6 9 12 19 22 23 33 34 38 47 50 56 70 74 77 80 92 96 97 111 128 138 141 158 160 161 168 182 184 201 203 222 225 241 251 252 258 267 288 292 309 317 323 336 345 355 370 375 378 379 387 393 397 407 418 420 425 430 434 447 452 461 465 473 476 477 479 485 491 492 495 513 516 538 546 549 557 558 559 561 573 594 600 603 607 609 614 617 622 623 633 636 641 652 677 679 686 690 700 703 705 707 720 723 737 738 768 772 775 780 784 785 786 794 798 841 852 888 894
17 202 217 419 665#8 17 30 44 52 66 84 102 103 106 116 122 134 139 142 146 151 157 165 185 200 202 205 217 234 253 255 261 265 275 296 303 307 325 330 348 352 360 363 367 377 401 405 412 419 438 443 445 451 459 470 483 489 502 509 519 528 576 584 611 616 632 653 662 665 667 672 698 706 716 724 750 751 759 761 763 767 770 777 778 792 796 806 820 822 827 835 837 849 854 857 864 876 893 895
1 13 14 57 101 176 197 244 249 257 262 268 290 293 299 306 331 358 382 384 385 438 472 478 502 540 553 566 571 577 581 599 615 624 637 671 678 742 763 779 787 822 835 889 891#14 382 678 742 779
13 358 566 577 624#1 2 3 13 14 16 57 64 65 68 73 82 87 112 117 127 132 135 145 174 180 195 197 212 216 219 220 221 227 235 239 244 249 268 272 274 297 306 312 326 331 335 339 353 358 371 382 388 392 396 398 408 411 415 427 446 454 458 472 480 486 494 498 506 507 510 514 515 530 539 540 541 564 566 571 577 580 581 590 593 597 624 635 637 649 655 660 661 675 678 684 704 725 731 733 736 740 742 753 779 787 797 811 816 819 832 840 848 855 856 858 863 872 881 884 891 892 899 900 905
4 6 9 12 19 22 23 33 34 38 47 50 56 70 74 77 80 92 96 97 111 128 138 141 158 160 161 168 182 184 201 203 222 225 241 251 252 258 267 288 292 309 317 323 336 345 355 370 375 378 379 387 393 397 407 418 420 425 430 434 447 452 461 465 473 476 477 479 485 491 492 495 513 516 538 546 549 557 558 559 561 573 594 600 603 607 609 614 617 622 623 633 636 641 652 677 679 686 690 700 703 705 707 720 723 737 738 768 772 775 780 784 785 786 794 798 841 852 888 894#9 241 267 370 430
2 3 13 15 16 20 25 27 36 41 46 48 64 65 68 73 82 83 87 91 99 104 112 114 117 121 126 127 131 132 135 143 145 164 169 171 174 180 193 195 206 212 213 216 219 220 221 227 232 235 239 246 248 260 264 271 272 274 279 280 285 287 291 297 312 322 326 328 332 335 337 339 340 341 353 358 361 364 371 373 374 383 388 391 392 396 398 399 408 411 415 427 431 435 446 454 455 458 480 484 486 494 496 497 498 506 507 510 514 515 529 530 531 539 541 544 548 551 552 554 564 566 577 578 580 590 591 593 597 598 602 608 619 621 624 628 629 635 638 642 643 644 649 655 660 661 675 682 684 695 696 702 704 713 714 725 731 733 736 740 753 755 757 771 781 797 803 811 816 817 819 829 832 840 847 848 853 855 856 858 860 863 865 872 874 875 881 884 885 887 890 892 899 900 905#335 353 498 580 731
4 6 9 19 22 23 33 34 38 47 50 56 59 70 74 77 92 111 128 130 136 138 153 154 158 160 170 182 184 203 207 218 222 225 241 250 251 252 258 267 273 288 292 309 311 317 323 333 336 342 347 355 356 365 370 375 378 379 387 393 397 407 418 420 421 425 430 434 437 447 452 460 461 463 465 468 471 473 476 479 485 491 492 495 513 516 523 525 538 546 549 558 559 561 565 568 572 594 600 603 605 609 617 618 622 626 633 634 636 641 654 656 657 659 677 679 686 688 697 699 700 703 705 707 709 730 737 738 745 772 775 780 784 785 786 794 798 812 828 841 852 870 879 888 894#47 292 558 561 603
80 573 614 690 723#9 12 29 31 37 39 45 58 62 72 75 80 89 95 96 97 125 129 141 161 168 179 188 191 194 198 201 204 208 211 228 238 241 256 267 269 286 289 295 301 304 310 315 316 324 329 344 345 351 370 389 402 403 423 426 428 429 430 442 448 450 457 464 475 477 487 517 522 535 543 547 556 557 560 562 563 573 579 583 595 596 604 607 614 623 647 648 652 664 676 690 694 701 718 720 723 726 727 732 739 748 749 754 768 773 774 789 793 801 805 813 814 818 831 844 867 883 886 897 903
137 149 441 743 791#63 86 107 137 149 150 162 177 190 226 229 266 270 276 305 350 357 372 380 409 422 440 441 449 521 542 555 569 592 613 663 668 685 691 708 719 721 722 743 765 791 824 825 851 871
7 26 35 40 42 81 88 90 105 123 124 159 173 192 223 233 236 237 243 263 278 294 308 313 314 315 318 327 329 334 343 366 369 381 395 402 436 444 456 466 469 474 475 482 526 532 534 567 570 587 588 601 693 727 734 746 747 764 766 769 795 802 807 810 815 833 845 869 878 901#294 395 469 567 601
15 60 69 78 115 140 155 199 215 319 322 346 413 496 524 646 680 714 809 823 839 847 862 880 882#15 60 69 78 115 140 155 199 215 319 322 346 413 496 524 646 680 714 809 823 839 847 862 880 882
108 338 406 586 752#10 32 49 54 55 79 93 98 100 108 110 118 119 133 156 163 175 178 186 187 189 224 231 240 242 281 282 300 302 321 338 354 362 368 376 404 406 410 416 432 433 453 462 490 493 503 505 537 574 575 586 606 610 612 631 639 683 689 728 729 752 760 782 788 821 826 838 842 859 877
223 308 381 746 878#7 26 42 53 88 90 105 120 123 124 152 159 192 199 223 233 236 237 263 278 294 308 313 314 318 319 327 343 359 366 369 381 390 395 436 444 456 469 474 482 499 526 532 534 545 567 570 589 601 645 651 658 666 680 693 734 741 746 764 766 769 795 808 810 823 830 845 878 880 901
47 292 558 561 603#4 6 9 19 22 23 33 34 38 47 50 56 59 70 74 77 92 111 128 130 136 138 153 154 158 160 170 182 184 203 207 218 222 225 241 250 251 252 258 267 273 288 292 309 311 317 323 333 336 342 347 355 356 365 370 375 378 379 387 393 397 407 418 420 421 425 430 434 437 447 452 460 461 463 465 468 471 473 476 479 485 491 492 495 513 516 523 525 538 546 549 558 559 561 565 568 572 594 600 603 605 609 617 618 622 626 633 634 636 641 654 656 657 659 677 679 686 688 697 699 700 703 705 707 709 730 737 738 745 772 775 780 784 785 786 794 798 812 828 841 852 870 879 888 894
438 502 763 822 835#8 14 17 30 44 52 66 101 102 106 116 134 139 142 157 165 176 200 202 205 217 253 255 257 262 275 290 293 299 325 330 348 352 367 377 382 384 385 412 419 438 451 470 478 483 489 502 519 553 576 599 615 665 671 678 698 706 716 724 742 763 767 779 822 827 835 864 889 893 895
15 20 25 27 36 41 46 48 60 69 78 83 91 99 104 114 115 121 126 131 140 143 155 164 169 171 193 199 206 213 215 232 246 248 260 264 271 279 280 285 287 291 319 322 328 332 335 337 340 341 346 353 361 364 373 374 383 391 399 413 431 435 455 484 496 497 498 524 529 531 544 548 551 552 554 578 580 591 598 602 608 619 621 628 629 638 642 643 644 646 680 682 695 696 702 713 714 731 755 757 771 781 803 809 817 823 829 839 847 853 860 862 865 874 875 880 882 885 887 890#15 322 496 714 847
49 100 108 156 163 175 178 242 282 300 338 362 376 406 416 432 433 490 493 505 574 586 752 782 842#49 100 108 156 163 175 178 242 282 300 338 362 376 406 416 432 433 490 493 505 574 586 752 782 842
107 542 555 592 851#18 28 107 130 137 149 162 226 229 247 276 277 284 305 372 409 417 422 441 463 481 512 542 555 565 592 613 618 663 668 674 685 688 721 743 762 791 799 824 825 834 851 896 902 904
18 28 107 130 137 149 162 226 229 247 276 277 284 305 372 409 417 422 441 463 481 512 542 555 565 592 613 618 663 668 674 685 688 721 743 762 791 799 824 825 834 851 896 902 904#107 542 555 592 851
10 32 49 54 55 79 93 98 100 108 110 118 119 133 156 163 175 178 186 187 189 224 231 240 242 281 282 300 302 321 338 354 362 368 376 404 406 410 416 432 433 453 462 490 493 503 505 537 574 575 586 606 610 612 631 639 683 689 728 729 752 760 782 788 821 826 838 842 859 877#108 338 406 586 752
5 11 21 24 43 51 55 61 63 67 71 76 85 86 94 109 113 133 137 144 147 148 149 150 166 167 172 177 181 183 190 196 209 210 214 230 231 245 254 259 266 270 281 283 298 320 349 350 357 380 386 394 400 414 424 439 440 441 449 467 488 500 501 504 508 511 518 520 521 527 533 536 550 569 582 585 620 625 627 630 640 650 669 670 673 681 687 691 692 708 710 711 712 715 717 719 722 728 735 743 744 756 758 765 776 783 790 791 800 804 836 843 846 850 861 866 868 871 873 898#150 569 691 708 871
5 11 21 24 43 51 55 61 67 71 76 85 94 109 113 133 144 147 148 150 166 167 172 181 183 196 209 210 214 230 231 245 254 259 281 283 298 320 349 386 394 400 414 424 439 467 488 500 501 504 508 511 518 520 527 533 536 550 569 582 585 620 625 627 630 640 650 669 670 673 681 687 691 692 708 710 711 712 715 717 728 735 744 756 758 776 783 790 800 804 836 843 846 850 861 866 868 871 873 898#5 11 21 24 43 51 55 61 67 71 76 85 94 109 113 133 144 147 148 150 166 167 172 181 183 196 209 210 214 230 231 245 254 259 281 283 298 320 349 386 394 400 414 424 439 467 488 500 501 504 508 511 518 520 527 533 536 550 569 582 585 620 625 627 630 640 650 669 670 673 681 687 691 692 708 710 711 712 715 717 728 735 744 756 758 776 783 790 800 804 836 843 846 850 861 866 868 871 873 898
5 10 11 21 24 32 43 51 54 55 61 67 71 76 79 85 93 94 98 108 109 110 113 118 119 133 144 147 148 150 166 167 172 181 183 186 187 189 196 209 210 214 224 230 231 240 245 254 259 281 283 298 302 320 321 338 349 354 368 386 394 400 404 406 410 414 424 439 453 462 467 488 500 501 503 504 508 511 518 520 527 533 536 537 550 569 575 582 585 586 606 610 612 620 625 627 630 631 639 640 650 669 670 673 681 683 687 689 691 692 708 710 711 712 715 717 728 729 735 744 752 756 758 760 776 783 788 790 800 804 821 826 836 838 843 846 850 859 861 866 868 871 873 877 898#55 133 231 281 728
1 2 3 4 5 6 7 8 9 10 11 12 13 14 15 16 17 18 19 20 21 22 23 24 25 26 27 28 29 30 31 32 33 34 35 36 37 38 39 40 41 42 43 44 45 46 47 48 49 50 51 52 53 54 55 56 57 58 59 60 61 62 63 64 65 66 67 68 69 70 71 72 73 74 75 76 77 78 79 80 81 82 83 84 85 86 87 88 89 90 91 92 93 94 95 96 97 98 99 100 101 102 103 104 105 106 107 108 109 110 111 112 113 114 115 116 117 118 119 120 121 122 123 124 125 126 127 128 129 130 131 132 133 134 135 136 137 138 139 140 141 142 143 144 145 146 147 148 149 150 151 152 153 154 155 156 157 158 159 160 161 162 163 164 165 166 167 168 169 170 171 172 173 174 175 176 177 178 179 180 181 182 183 184 185 186 187 188 189 190 191 192 193 194 195 196 197 198 199 200 201 202 203 204 205 206 207 208 209 210 211 212 213 214 215 216 217 218 219 220 221 222 223 224 225 226 227 228 229 230 231 232 233 234 235 236 237 238 239 240 241 242 243 244 245 246 247 248 249 250 251 252 253 254 255 256 257 258 259 260 261 262 263 264 265 266 267 268 269 270 271 272 273 274 275 276 277 278 279 280 281 282 283 284 285 286 287 288 289 290 291 292 293 294 295 296 297 298 299 300 301 302 303 304 305 306 307 308 309 310 311 312 313 314 315 316 317 318 319 320 321 322 323 324 325 326 327 328 329 330 331 332 333 334 335 336 337 338 339 340 341 342 343 344 345 346 347 348 349 350 351 352 353 354 355 356 357 358 359 360 361 362 363 364 365 366 367 368 369 370 371 372 373 374 375 376 377 378 379 380 381 382 383 384 385 386 387 388 389 390 391 392 393 394 395 396 397 398 399 400 401 402 403 404 405 406 407 408 409 410 411 412 413 414 415 416 417 418 419 420 421 422 423 424 425 426 427 428 429 430 431 432 433 434 435 436 437 438 439 440 441 442 443 444 445 446 447 448 449 450 451 452 453 454 455 456 457 458 459 460 461 462 463 464 465 466 467 468 469 470 471 472 473 474 475 476 477 478 479 480 481 482 483 484 485 486 487 488 489 490 491 492 493 494 495 496 497 498 499 500 501 502 503 504 505 506 507 508 509 510 511 512 513 514 515 516 517 518 519 520 521 522 523 524 525 526 527 528 529 530 531 532 533 534 535 536 537 538 539 540 541 542 543 544 545 546 547 548 549 550 551 552 553 554 555 556 557 558 559 560 561 562 563 564 565 566 567 568 569 570 571 572 573 574 575 576 577 578 579 580 581 582 583 584 585 586 587 588 589 590 591 592 593 594 595 596 597 598 599 600 601 602 603 604 605 606 607 608 609 610 611 612 613 614 615 616 617 618 619 620 621 622 623 624 625 626 627 628 629 630 631 632 633 634 635 636 637 638 639 640 641 642 643 644 645 646 647 648 649 650 651 652 653 654 655 656 657 658 659 660 661 662 663 664 665 666 667 668 669 670 671 672 673 674 675 676 677 678 679 680 681 682 683 684 685 686 687 688 689 690 691 692 693 694 695 696 697 698 699 700 701 702 703 704 705 706 707 708 709 710 711 712 713 714 715 716 717 718 719 720 721 722 723 724 725 726 727 728 729 730 731 732 733 734 735 736 737 738 739 740 741 742 743 744 745 746 747 748 749 750 751 752 753 754 755 756 757 758 759 760 761 762 763 764 765 766 767 768 769 770 771 772 773 774 775 776 777 778 779 780 781 782 783 784 785 786 787 788 789 790 791 792 793 794 795 796 797 798 799 800 801 802 803 804 805 806 807 808 809 810 811 812 813 814 815 816 817 818 819 820 821 822 823 824 825 826 827 828 829 830 831 832 833 834 835 836 837 838 839 840 841 842 843 844 845 846 847 848 849 850 851 852 853 854 855 856 857 858 859 860 861 862 863 864 865 866 867 868 869 870 871 872 873 874 875 876 877 878 879 880 881 882 883 884 885 886 887 888 889 890 891 892 893 894 895 896 897 898 899 900 901 902 903 904 905#
#1 2 3 4 5 6 7 8 9 10 11 12 13 14 15 16 17 18 19 20 21 22 23 24 25 26 27 28 29 30 31 32 33 34 35 36 37 38 39 40 41 42 43 44 45 46 47 48 49 50 51 52 53 54 55 56 57 58 59 60 61 62 63 64 65 66 67 68 69 70 71 72 73 74 75 76 77 78 79 80 81 82 83 84 85 86 87 88 89 90 91 92 93 94 95 96 97 98 99 100 101 102 103 104 105 106 107 108 109 110 111 112 113 114 115 116 117 118 119 120 121 122 123 124 125 126 127 128 129 130 131 132 133 134 135 136 137 138 139 140 141 142 143 144 145 146 147 148 149 150 151 152 153 154 155 156 157 158 159 160 161 162 163 164 165 166 167 168 169 170 171 172 173 174 175 176 177 178 179 180 181 182 183 184 185 186 187 188 189 190 191 192 193 194 195 196 197 198 199 200 201 202 203 204 205 206 207 208 209 210 211 212 213 214 215 216 217 218 219 220 221 222 223 224 225 226 227 228 229 230 231 232 233 234 235 236 237 238 239 240 241 242 243 244 245 246 247 248 249 250 251 252 253 254 255 256 257 258 259 260 261 262 263 264 265 266 267 268 269 270 271 272 273 274 275 276 277 278 279 280 281 282 283 284 285 286 287 288 289 290 291 292 293 294 295 296 297 298 299 300 301 302 303 304 305 306 307 308 309 310 311 312 313 314 315 316 317 318 319 320 321 322 323 324 325 326 327 328 329 330 331 332 333 334 335 336 337 338 339 340 341 342 343 344 345 346 347 348 349 350 351 352 353 354 355 356 357 358 359 360 361 362 363 364 365 366 367 368 369 370 371 372 373 374 375 376 377 378 379 380 381 382 383 384 385 386 387 388 389 390 391 392 393 394 395 396 397 398 399 400 401 402 403 404 405 406 407 408 409 410 411 412 413 414 415 416 417 418 419 420 421 422 423 424 425 426 427 428 429 430 431 432 433 434 435 436 437 438 439 440 441 442 443 444 445 446 447 448 449 450 451 452 453 454 455 456 457 458 459 460 461 462 463 464 465 466 467 468 469 470 471 472 473 474 475 476 477 478 479 480 481 482 483 484 485 486 487 488 489 490 491 492 493 494 495 496 497 498 499 500 501 502 503 504 505 506 507 508 509 510 511 512 513 514 515 516 517 518 519 520 521 522 523 524 525 526 527 528 529 530 531 532 533 534 535 536 537 538 539 540 541 542 543 544 545 546 547 548 549 550 551 552 553 554 555 556 557 558 559 560 561 562 563 564 565 566 567 568 569 570 571 572 573 574 575 576 577 578 579 580 581 582 583 584 585 586 587 588 589 590 591 592 593 594 595 596 597 598 599 600 601 602 603 604 605 606 607 608 609 610 611 612 613 614 615 616 617 618 619 620 621 622 623 624 625 626 627 628 629 630 631 632 633 634 635 636 637 638 639 640 641 642 643 644 645 646 647 648 649 650 651 652 653 654 655 656 657 658 659 660 661 662 663 664 665 666 667 668 669 670 671 672 673 674 675 676 677 678 679 680 681 682 683 684 685 686 687 688 689 690 691 692 693 694 695 696 697 698 699 700 701 702 703 704 705 706 707 708 709 710 711 712 713 714 715 716 717 718 719 720 721 722 723 724 725 726 727 728 729 730 731 732 733 734 735 736 737 738 739 740 741 742 743 744 745 746 747 748 749 750 751 752 753 754 755 756 757 758 759 760 761 762 763 764 765 766 767 768 769 770 771 772 773 774 775 776 777 778 779 780 781 782 783 784 785 786 787 788 789 790 791 792 793 794 795 796 797 798 799 800 801 802 803 804 805 806 807 808 809 810 811 812 813 814 815 816 817 818 819 820 821 822 823 824 825 826 827 828 829 830 831 832 833 834 835 836 837 838 839 840 841 842 843 844 845 846 847 848 849 850 851 852 853 854 855 856 857 858 859 860 861 862 863 864 865 866 867 868 869 870 871 872 873 874 875 876 877 878 879 880 881 882 883 884 885 886 887 888 889 890 891 892 893 894 895 896 897 898 899 900 901 902 903 904 905
